1.000000000 0.000000000 0.000000000 0.000000000 0.000000000 1.000000000 0.000000000 0.000000000 0.000000000 0.000000000 1.000000000 0.000000000
0.999999344 -0.000253102 0.001135194 0.000819349 0.000253334 0.999999940 -0.000204192 -0.004048567 -0.001135142 0.000204479 0.999999344 0.439625204
0.999996901 0.001621534 0.001902325 -0.002756217 -0.001616852 0.999995649 -0.002459896 -0.008177186 -0.001906305 0.002456812 0.999995172 0.872724712
0.999993622 0.003002412 0.001941280 -0.012170056 -0.002992741 0.999983191 -0.004965667 -0.010684213 -0.001956156 0.004959825 0.999985814 1.298900962
0.999998391 0.001755818 -0.000291296 -0.009540574 -0.001757255 0.999985874 -0.005009215 -0.023868222 0.000282497 0.005009719 0.999987423 1.742983818
0.999993086 -0.001211979 -0.003516076 -0.011144072 0.001190965 0.999981463 -0.005972285 -0.026235616 0.003523249 0.005968056 0.999975979 2.166473389
0.999959946 -0.004647042 -0.007649509 -0.010685853 0.004608377 0.999976575 -0.005064310 -0.031165734 0.007672864 0.005028856 0.999957919 2.592082739
0.999906421 -0.006630086 -0.011966150 -0.017307505 0.006579852 0.999969423 -0.004232441 -0.040023908 0.011993846 0.004153309 0.999919474 3.014865398
0.999863029 -0.004846516 -0.015826333 -0.033381611 0.004786318 0.999981165 -0.003839341 -0.047215093 0.015844647 0.003763065 0.999867380 3.430366278
0.999795914 -0.003780266 -0.019849241 -0.049752802 0.003706080 0.999985993 -0.003772879 -0.054280862 0.019863229 0.003698546 0.999795854 3.844794035
0.999690950 -0.003943735 -0.024544924 -0.060688164 0.003848823 0.999984920 -0.003912864 -0.065773420 0.024559984 0.003817185 0.999691069 4.253513336
0.999599516 -0.003183257 -0.028119016 -0.082549959 0.003073951 0.999987602 -0.003929632 -0.068402998 0.028131172 0.003841622 0.999596834 4.653443813
0.999466121 -0.004118090 -0.032412123 -0.096181400 0.003990876 0.999984026 -0.003988617 -0.074939609 0.032428037 0.003857135 0.999466598 5.050188541
0.999294281 -0.004372084 -0.037307471 -0.114680387 0.004176879 0.999977171 -0.005308666 -0.080156684 0.037329834 0.005149091 0.999289751 5.438773632
0.999101460 -0.005584948 -0.042011984 -0.129440546 0.005349437 0.999969423 -0.005716109 -0.087632388 0.042042624 0.005486233 0.999100745 5.820572853
0.998950362 -0.004725430 -0.045564234 -0.153436497 0.004509177 0.999978125 -0.004847747 -0.097169906 0.045586146 0.004637201 0.998949766 6.193374157
0.998791695 -0.003037275 -0.049048897 -0.177041084 0.002828788 0.999986649 -0.004319432 -0.104275450 0.049061362 0.004175464 0.998787045 6.549887657
0.998638690 -0.002525808 -0.052101556 -0.201225907 0.002327285 0.999989688 -0.003870628 -0.109643884 0.052110810 0.003744103 0.998634279 6.896706104
0.998510420 -0.001945436 -0.054526888 -0.221379161 0.001750163 0.999991894 -0.003628745 -0.118277729 0.054533511 0.003527909 0.998505652 7.229593277
0.998404264 -0.001078166 -0.056461953 -0.244743288 0.000880022 0.999993324 -0.003534087 -0.127889797 0.056465399 0.003478760 0.998398483 7.549872875
0.998334348 -0.000354652 -0.057692252 -0.265913486 0.000104350 0.999990523 -0.004341520 -0.132847846 0.057693250 0.004328269 0.998324990 7.857513905
0.998236179 -0.000487842 -0.059366256 -0.285532027 0.000191371 0.999987543 -0.004999517 -0.140032440 0.059367951 0.004979337 0.998223722 8.149567604
0.998153090 -0.000013169 -0.060748756 -0.307638884 -0.000336325 0.999983549 -0.005742875 -0.145731017 0.060747821 0.005752699 0.998136580 8.428811073
0.998049200 0.000994133 -0.062424194 -0.326869041 -0.001436005 0.999974191 -0.007034059 -0.154085249 0.062415592 0.007109979 0.998024940 8.700824738
0.998008847 0.001815546 -0.063048638 -0.348384917 -0.002332913 0.999964237 -0.008133199 -0.160332590 0.063031614 0.008264091 0.997977376 8.962616920
0.997964323 0.001588104 -0.063754760 -0.365306675 -0.002160085 0.999958038 -0.008903661 -0.168160260 0.063737936 0.009023252 0.997925818 9.221772194
0.997932494 0.001300551 -0.064256296 -0.382439971 -0.001951229 0.999947429 -0.010064573 -0.173220426 0.064239822 0.010169145 0.997882664 9.473513603
0.997893929 -0.000329126 -0.064865410 -0.399760783 -0.000415183 0.999934256 -0.011460851 -0.179758847 0.064864911 0.011463646 0.997828245 9.720426559
0.997831821 0.000154201 -0.065814726 -0.417208195 -0.001026844 0.999912024 -0.013225462 -0.185937569 0.065806910 0.013264371 0.997744143 9.967376709
0.997779727 0.002131185 -0.066566095 -0.438726306 -0.003033984 0.999904692 -0.013464306 -0.190955594 0.066531070 0.013636372 0.997691095 10.212924004
0.997690022 0.004426039 -0.067786962 -0.459016532 -0.005229267 0.999918163 -0.011676440 -0.195004642 0.067729741 0.012003943 0.997631431 10.460089684
0.997674704 0.003879604 -0.068044432 -0.477842718 -0.004465714 0.999954343 -0.008463645 -0.195677280 0.068008475 0.008747834 0.997646391 10.708045006
0.997671127 0.002620535 -0.068157665 -0.495205075 -0.003078776 0.999973357 -0.006619060 -0.201137692 0.068138503 0.006813490 0.997652590 10.950870514
0.997673750 0.001287169 -0.068157800 -0.509401679 -0.001839793 0.999965966 -0.008045841 -0.210491225 0.068145104 0.008152521 0.997642100 11.193131447
0.997651160 0.001418519 -0.068484798 -0.525576830 -0.002154911 0.999940634 -0.010679947 -0.219546691 0.068465598 0.010802440 0.997595012 11.427257538
0.997665823 0.002635916 -0.068233915 -0.544880509 -0.003460897 0.999922335 -0.011975089 -0.226912260 0.068197049 0.012183288 0.997597456 11.661211014
0.997672677 0.003384672 -0.068101116 -0.562007368 -0.004245833 0.999912798 -0.012504568 -0.234953031 0.068052858 0.012764613 0.997600079 11.896089554
0.997680008 0.002843858 -0.068019077 -0.577259362 -0.003724022 0.999910891 -0.012816656 -0.242848918 0.067976579 0.013040228 0.997601688 12.130146027
0.997695744 0.001430234 -0.067830443 -0.589411974 -0.002302942 0.999915481 -0.012789574 -0.246445894 0.067806415 0.012916315 0.997614920 12.365790367
0.997769535 0.001276792 -0.066739485 -0.609188199 -0.002056590 0.999930322 -0.011616812 -0.252388567 0.066720016 0.011728157 0.997702777 12.592006683
0.997841239 0.003199551 -0.065593824 -0.629175723 -0.004180691 0.999881208 -0.014826015 -0.256069094 0.065538600 0.015068238 0.997736156 12.832615852
0.997894228 0.006147912 -0.064570405 -0.651906133 -0.007642299 0.999707937 -0.022922106 -0.259576201 0.064410612 0.023367301 0.997649908 13.086007118
0.997966945 0.005647692 -0.063481495 -0.671896935 -0.007607664 0.999500394 -0.030675519 -0.261240274 0.063276522 0.031096103 0.997511387 13.355242729
0.998049140 0.002437036 -0.062384371 -0.681430459 -0.004505420 0.999443889 -0.033036321 -0.269087136 0.062269174 0.033252947 0.997505248 13.649884224
0.998151720 0.000937838 -0.060764346 -0.701026201 -0.002759102 0.999549150 -0.029895613 -0.278759360 0.060708918 0.030008011 0.997704327 13.951895714
0.998269856 0.000665980 -0.058795162 -0.718816996 -0.002295759 0.999614835 -0.027656414 -0.291394562 0.058754101 0.027743544 0.997886837 14.280776978
0.998392463 0.002271666 -0.056633580 -0.742312908 -0.003721033 0.999667883 -0.025499701 -0.305386245 0.056556843 0.025669444 0.998069346 14.617861748
0.998481333 0.001864381 -0.055060919 -0.758517504 -0.003222289 0.999692500 -0.024583437 -0.318391651 0.054998167 0.024723524 0.998180270 14.978976250
0.998573899 0.000182403 -0.053386495 -0.772740364 -0.001589199 0.999652565 -0.026309893 -0.330268145 0.053363148 0.026357213 0.998227239 15.337802887
0.998699844 -0.001277486 -0.050959464 -0.792196810 -0.000142306 0.999612153 -0.027847849 -0.338309467 0.050975278 0.027818894 0.998312354 15.709485054
0.998759747 -0.002280282 -0.049735937 -0.805435717 0.000904304 0.999616623 -0.027670661 -0.353779078 0.049779970 0.027591364 0.998378992 16.103919983
0.998835862 -0.002303621 -0.048182234 -0.828436196 0.001033589 0.999651670 -0.026367245 -0.367155135 0.048226204 0.026286749 0.998490393 16.492290497
0.998899162 -0.001854278 -0.046870034 -0.840742290 0.000719682 0.999706566 -0.024212575 -0.382731766 0.046901170 0.024152195 0.998607516 16.911605835
0.998929083 -0.002215875 -0.046213232 -0.859033525 0.001150837 0.999733448 -0.023060063 -0.394668400 0.046251997 0.022982188 0.998665392 17.326631546
0.998931706 -0.001152480 -0.046197586 -0.880141556 0.000100147 0.999740601 -0.022774816 -0.406056583 0.046211854 0.022745857 0.998672664 17.753513336
0.998888969 -0.000578703 -0.047121227 -0.904180110 -0.000469681 0.999752641 -0.022234563 -0.417633235 0.047122434 0.022231992 0.998641729 18.179847717
0.998848915 0.000073942 -0.047966633 -0.934617877 -0.001084676 0.999777913 -0.021045933 -0.426761299 0.047954421 0.021073734 0.998627186 18.619131088
0.998792112 0.000612937 -0.049131706 -0.959100783 -0.001531425 0.999824762 -0.018658934 -0.447180152 0.049111653 0.018711640 0.998617947 19.093900681
0.998758435 0.001660774 -0.049788088 -0.990800679 -0.002558617 0.999835253 -0.017974965 -0.463469625 0.049750030 0.018080037 0.998598039 19.550897598
0.998679638 0.007003305 -0.050891243 -1.022830367 -0.008009153 0.999776065 -0.019587709 -0.468738973 0.050742667 0.019969443 0.998512089 20.026475906
0.998656988 0.007592354 -0.051249180 -1.054127097 -0.008607042 0.999770761 -0.019607540 -0.484288990 0.051088557 0.020022318 0.998493433 20.495977402
0.998592734 0.007944873 -0.052436169 -1.074632049 -0.008806683 0.999829650 -0.016224872 -0.491920888 0.052298330 0.016663831 0.998492479 20.997720718
0.998561561 0.007654664 -0.053068150 -1.095507741 -0.008280773 0.999898553 -0.011588379 -0.503843069 0.052974060 0.012011154 0.998523593 21.480861664
0.998517632 0.007663223 -0.053887904 -1.120057583 -0.008091715 0.999937236 -0.007737862 -0.511461198 0.053825233 0.008162435 0.998516977 21.974355698
0.998473883 0.009067564 -0.054477353 -1.149641633 -0.009427750 0.999935329 -0.006358300 -0.522687852 0.054416180 0.006862195 0.998494744 22.464521408
0.998348773 0.014811291 -0.055502579 -1.182341456 -0.015107122 0.999873757 -0.004914225 -0.536226153 0.055422790 0.005744593 0.998446524 22.944723129
0.998322904 0.015245633 -0.055847794 -1.221236229 -0.015539485 0.999867499 -0.004831150 -0.549597204 0.055766735 0.005690893 0.998427629 23.433456421
0.998274267 0.013907847 -0.057053119 -1.249982834 -0.014284527 0.999878705 -0.006199756 -0.559251904 0.056959979 0.007004034 0.998351932 23.924348831
0.998273969 0.011840875 -0.057523478 -1.281529069 -0.012365160 0.999885023 -0.008766882 -0.560598612 0.057413064 0.009463038 0.998305678 24.418262482
0.998239756 0.011190097 -0.058242492 -1.309953690 -0.011760497 0.999886096 -0.009460034 -0.568777442 0.058130007 0.010128343 0.998257637 24.928184509
0.998238027 0.014059920 -0.057646859 -1.350419998 -0.014618655 0.999850035 -0.009282162 -0.577904940 0.057507712 0.010108529 0.998293877 25.421443939
0.998252749 0.014729388 -0.057222687 -1.380339146 -0.015188903 0.999855757 -0.007603613 -0.597451985 0.057102438 0.008459480 0.998332441 25.962230682
0.998294055 0.015771771 -0.056214403 -1.414420247 -0.016219672 0.999840200 -0.007520386 -0.606163204 0.056086801 0.008419335 0.998390377 26.473369598
0.998402178 0.015180801 -0.054429408 -1.451535463 -0.015593135 0.999852836 -0.007158890 -0.616413653 0.054312713 0.007996176 0.998491943 26.984823227
0.998434067 0.014867748 -0.053931270 -1.470406532 -0.015295567 0.999854684 -0.007528537 -0.627939105 0.053811513 0.008341656 0.998516262 27.504661560
0.998501539 0.013481147 -0.053037431 -1.495472312 -0.013899777 0.999875009 -0.007532179 -0.636975765 0.052929260 0.008258100 0.998564065 28.029081345
0.998590589 0.012153869 -0.051661260 -1.527018189 -0.012567306 0.999891520 -0.007685581 -0.649146557 0.051562242 0.008323992 0.998635113 28.559072495
0.998652160 0.011313606 -0.050654173 -1.554736853 -0.011744172 0.999897242 -0.008210506 -0.656888545 0.050556086 0.008794331 0.998682499 29.091253281
0.998689055 0.011735315 -0.049823590 -1.582277775 -0.012184144 0.999887824 -0.008714193 -0.663433194 0.049715731 0.009309828 0.998719990 29.621971130
0.998717308 0.011759836 -0.049249370 -1.607827067 -0.012239182 0.999880493 -0.009442780 -0.671917737 0.049132437 0.010033441 0.998741865 30.169767380
0.998758435 0.011683797 -0.048425823 -1.637576818 -0.012169583 0.999878407 -0.009748844 -0.682055116 0.048306018 0.010326062 0.998779237 30.712644577
0.998810053 0.009526132 -0.047828622 -1.661039233 -0.009994909 0.999904215 -0.009571632 -0.695802808 0.047732856 0.010038286 0.998809636 31.260751724
0.998829901 0.008946836 -0.047525007 -1.687433720 -0.009433501 0.999905288 -0.010025825 -0.706309855 0.047430802 0.010462421 0.998819768 31.809234619
0.998842597 0.009224880 -0.047204815 -1.713377953 -0.009744268 0.999894321 -0.010784565 -0.714731336 0.047100339 0.011232058 0.998826981 32.367565155
0.998868346 0.007768764 -0.046922114 -1.740727663 -0.008313475 0.999900162 -0.011424847 -0.726329327 0.046828676 0.011802006 0.998833239 32.930706024
0.998887062 0.007670429 -0.046537634 -1.773484349 -0.008264268 0.999886692 -0.012581457 -0.733091354 0.046435863 0.012952056 0.998837352 33.507217407
0.998890758 0.006861675 -0.046584982 -1.799317360 -0.007473979 0.999887764 -0.012982353 -0.746344090 0.046490680 0.013316126 0.998830020 34.082302094
0.998901010 0.007326222 -0.046292942 -1.831579328 -0.007951411 0.999879420 -0.013335367 -0.763053238 0.046189662 0.013688806 0.998838842 34.666671753
0.998875618 0.006706963 -0.046930760 -1.858512044 -0.007346773 0.999882221 -0.013473852 -0.776799202 0.046834864 0.013803491 0.998807251 35.249996185
0.998884320 0.007533420 -0.046621092 -1.897688866 -0.008177379 0.999873579 -0.013637315 -0.788042605 0.046512455 0.014003338 0.998819530 35.836242676
0.998864233 0.007293363 -0.047088511 -1.920362711 -0.007926296 0.999880552 -0.013268673 -0.811831832 0.046986125 0.013626839 0.998802543 36.440509796
0.998820305 0.006536425 -0.048118699 -1.942553520 -0.007173248 0.999888837 -0.013073661 -0.824272871 0.048027899 0.013403403 0.998756111 37.037693024
0.998800457 0.006815993 -0.048490122 -1.977394819 -0.007366076 0.999910474 -0.011174580 -0.847419083 0.048409618 0.011518356 0.998761177 37.644359589
0.998772025 0.006615787 -0.049097799 -2.006924629 -0.007167457 0.999913096 -0.011068609 -0.853685796 0.049020294 0.011406922 0.998732686 38.254936218
0.998745024 0.006978504 -0.049594898 -2.036138058 -0.007527287 0.999912322 -0.010887124 -0.869552135 0.049514569 0.011246775 0.998710215 38.872051239
0.998696744 0.007722326 -0.050448082 -2.070891380 -0.008226806 0.999918103 -0.009799994 -0.886561453 0.050368275 0.010202249 0.998678625 39.479343414
0.998637199 0.007380515 -0.051665399 -2.103065014 -0.007903310 0.999919474 -0.009921896 -0.896316648 0.051588021 0.010316703 0.998615146 40.081115723
0.998574078 0.007544155 -0.052846748 -2.135874748 -0.008114621 0.999910951 -0.010588499 -0.908376575 0.052762166 0.011002230 0.998546481 40.698505402
0.998530269 0.005582023 -0.053908743 -2.170287609 -0.006192217 0.999918580 -0.011158620 -0.923694789 0.053842064 0.011476037 0.998483479 41.305824280
0.998473525 0.006624376 -0.054834329 -2.210739136 -0.007270887 0.999906301 -0.011599164 -0.936715126 0.054752357 0.011980151 0.998428166 41.912105560
0.998411000 0.006158757 -0.056013443 -2.250929117 -0.006860050 0.999900341 -0.012336435 -0.951792836 0.055931892 0.012701088 0.998353779 42.515041351
0.998360097 0.007264212 -0.056782681 -2.287934065 -0.007949946 0.999898076 -0.011859903 -0.970491767 0.056690738 0.012291872 0.998316109 43.123016357
0.998266697 0.005351114 -0.058609214 -2.314043045 -0.006022169 0.999918222 -0.011279002 -0.982517123 0.058544070 0.011612404 0.998217225 43.739791870
0.998189330 0.004861691 -0.059954017 -2.351207495 -0.005501433 0.999929547 -0.010510072 -1.001347065 0.059898704 0.010820876 0.998145700 44.353061676
0.998117149 0.006607737 -0.060980432 -2.396134853 -0.007237932 0.999922574 -0.010119262 -1.019689202 0.060908843 0.010541581 0.998087645 44.964332581
0.998148322 0.007913289 -0.060309380 -2.452945948 -0.008677385 0.999885261 -0.012418258 -1.028499007 0.060204178 0.012918591 0.998102605 45.574085236
0.998087943 0.007653926 -0.061333381 -2.496678114 -0.008641757 0.999836922 -0.015856870 -1.042554617 0.061202016 0.016356580 0.997991383 46.184589386
0.998036146 0.004780148 -0.062457640 -2.533399343 -0.005983578 0.999799788 -0.019095121 -1.059225321 0.062353849 0.019431338 0.997864902 46.797985077
0.997977614 0.002712174 -0.063509509 -2.572181940 -0.004047862 0.999773026 -0.020912061 -1.077170849 0.063438393 0.021126844 0.997762024 47.409111023
0.997909069 0.003101666 -0.064558737 -2.606685638 -0.004536268 0.999745786 -0.022086950 -1.097239852 0.064473808 0.022333626 0.997669399 48.019084930
0.997819424 0.006271557 -0.065703236 -2.653811932 -0.007647445 0.999756277 -0.020710409 -1.111426711 0.065557346 0.021167712 0.997624278 48.627502441
0.997818768 0.006914984 -0.065648332 -2.707851887 -0.007939382 0.999850571 -0.015356284 -1.132659674 0.065532327 0.015843997 0.997724652 49.234580994
0.997751713 0.005281294 -0.066808395 -2.743059397 -0.005915608 0.999939263 -0.009300260 -1.146811724 0.066755205 0.009674561 0.997722507 49.858108521
0.997763455 0.004549007 -0.066688605 -2.787142754 -0.004657579 0.999988079 -0.001472660 -1.161724806 0.066681109 0.001779973 0.997772753 50.475181580
0.997731864 0.006345661 -0.067013673 -2.827911377 -0.006042174 0.999970615 0.004730432 -1.169461131 0.067041717 -0.004314796 0.997740924 51.089359283
0.997829258 0.006517054 -0.065531291 -2.870955467 -0.006007462 0.999950171 0.007970355 -1.182512045 0.065579958 -0.007559378 0.997818649 51.718982697
0.997875154 0.006956808 -0.064781256 -2.910507679 -0.006475654 0.999949813 0.007634388 -1.187258124 0.064831115 -0.007198667 0.997870207 52.333301544
0.998014450 0.007827846 -0.062497012 -2.952482224 -0.007578067 0.999962330 0.004232691 -1.190319777 0.062527791 -0.003750680 0.998036146 52.942066193
0.998112500 0.009122035 -0.060731158 -2.994801044 -0.009128641 0.999958277 0.000168673 -1.192254066 0.060730178 0.000386038 0.998154163 53.553638458
0.998187959 0.007095221 -0.059753608 -3.029407024 -0.007290700 0.999968767 -0.003054013 -1.199858665 0.059730072 0.003484124 0.998208463 54.171398163
0.998284340 0.004655244 -0.058369081 -3.066787958 -0.005003341 0.999970615 -0.005818986 -1.208858490 0.058340270 0.006101042 0.998278081 54.779125214
0.998404682 0.005125128 -0.056230497 -3.108616829 -0.005538526 0.999958754 -0.007198455 -1.217173338 0.056191284 0.007498404 0.998391867 55.391342163
0.998399675 0.007128380 -0.056099564 -3.140595198 -0.007492084 0.999952257 -0.006275528 -1.233949661 0.056052145 0.006685789 0.998405457 55.995090485
0.998439729 0.009003641 -0.055107947 -3.184787512 -0.009371703 0.999935508 -0.006424144 -1.244528770 0.055046551 0.006930578 0.998459697 56.602283478
0.998468518 0.009482684 -0.054503895 -3.222719669 -0.009872300 0.999927521 -0.006883588 -1.258022666 0.054434672 0.007411125 0.998489797 57.215694427
0.998438418 0.009514502 -0.055047382 -3.258247137 -0.009877326 0.999931157 -0.006322816 -1.270327330 0.054983437 0.006856664 0.998463690 57.831100464
0.998395383 0.009535595 -0.055818990 -3.291465521 -0.009943652 0.999925792 -0.007037209 -1.287495613 0.055747747 0.007580960 0.998416066 58.434749603
0.998350024 0.010581208 -0.056437287 -3.325242043 -0.011052265 0.999906659 -0.008040955 -1.301511645 0.056346938 0.008651448 0.998373747 59.039196014
0.998280227 0.011822486 -0.057418685 -3.362893820 -0.012305317 0.999891818 -0.008062652 -1.310658336 0.057317149 0.008755341 0.998317659 59.649105072
0.998290241 0.013190647 -0.056943376 -3.410155535 -0.013632750 0.999879777 -0.007382415 -1.328351259 0.056839153 0.008146088 0.998350203 60.259708405
0.998279154 0.012957642 -0.057191670 -3.448684216 -0.013340662 0.999891043 -0.006320384 -1.343421698 0.057103537 0.007072482 0.998343229 60.872318268
0.998216569 0.012822937 -0.058302969 -3.479378223 -0.013225031 0.999891341 -0.006515963 -1.353576183 0.058213081 0.007275401 0.998277664 61.490871429
0.998165309 0.012538481 -0.059235517 -3.509736538 -0.012924759 0.999897659 -0.006142437 -1.367087245 0.059152439 0.006896772 0.998225152 62.089599609
0.998172641 0.013165420 -0.058974203 -3.555098057 -0.013527659 0.999892056 -0.005747303 -1.380579710 0.058892172 0.006534583 0.998242915 62.682804108
0.998128712 0.012106261 -0.059936989 -3.586451054 -0.012426665 0.999910414 -0.004975784 -1.399348140 0.059871379 0.005711289 0.998189747 63.284488678
0.998091280 0.013410619 -0.060282174 -3.631756783 -0.013744830 0.999892414 -0.005132846 -1.409042001 0.060206857 0.005951617 0.998168111 63.868423462
0.998037934 0.014234331 -0.060972791 -3.663979292 -0.014574844 0.999880493 -0.005143561 -1.417638421 0.060892295 0.006022138 0.998126149 64.458335876
0.997992158 0.014595795 -0.061633408 -3.706915617 -0.014915096 0.999877572 -0.004723726 -1.429549694 0.061556924 0.005633509 0.998087645 65.043586731
0.997912169 0.015061835 -0.062805600 -3.745352268 -0.015363665 0.999872565 -0.004325575 -1.441007376 0.062732458 0.005281467 0.998016357 65.629180908
0.997825265 0.015719866 -0.064011917 -3.790565491 -0.016017698 0.999863088 -0.004142186 -1.450660706 0.063938059 0.005158501 0.997940481 66.204208374
0.997689784 0.016421748 -0.065919898 -3.833155155 -0.016654022 0.999856889 -0.002975581 -1.462752700 0.065861598 0.004066537 0.997820377 66.774917603
0.997553766 0.017780077 -0.067604356 -3.880202770 -0.017978169 0.999835670 -0.002322898 -1.474735975 0.067551956 0.003532618 0.997709513 67.336349487
0.997369349 0.018718095 -0.070028879 -3.923568487 -0.018908074 0.999819100 -0.002050869 -1.483866572 0.069977820 0.003369585 0.997542799 67.912307739
0.997159660 0.019818805 -0.072662458 -3.970144749 -0.019970797 0.999799669 -0.001365683 -1.496534586 0.072620817 0.002812932 0.997355700 68.487388611
0.996959031 0.020784000 -0.075104557 -4.019550323 -0.020998180 0.999777436 -0.002063083 -1.501642585 0.075044945 0.003633867 0.997173607 69.070182800
0.996714592 0.021884616 -0.077981897 -4.080650330 -0.022147080 0.999751627 -0.002502346 -1.512583971 0.077907749 0.004221196 0.996951580 69.631347656
0.996450841 0.020490378 -0.081644580 -4.126679897 -0.020849105 0.999776363 -0.003543582 -1.526785612 0.081553705 0.005233222 0.996655226 70.235961914
0.996185958 0.020781560 -0.084743105 -4.180311680 -0.021184318 0.999768257 -0.003856173 -1.536032677 0.084643304 0.005636692 0.996395350 70.797409058
0.995888650 0.020515608 -0.088232204 -4.236658096 -0.021067996 0.999763787 -0.005333830 -1.547139764 0.088101931 0.007170776 0.996085703 71.351730347
0.995584309 0.019825926 -0.091754504 -4.289364338 -0.020448294 0.999773800 -0.005847781 -1.562192202 0.091617815 0.007698183 0.995764494 71.907859802
0.995232046 0.019377848 -0.095591374 -4.339884758 -0.020107027 0.999775589 -0.006670664 -1.568264484 0.095440671 0.008560915 0.995398223 72.459091187
0.994917512 0.019129895 -0.098859556 -4.395211220 -0.019956930 0.999773622 -0.007383588 -1.577748060 0.098695919 0.009318994 0.995073974 72.992500305
0.994699121 0.018045723 -0.101231627 -4.452296257 -0.018866120 0.999796450 -0.007152542 -1.585379124 0.101081945 0.009024478 0.994837165 73.520767212
0.994594574 0.019835927 -0.101922221 -4.512594223 -0.020610692 0.999766231 -0.006553996 -1.595207334 0.101768374 0.008619255 0.994770765 74.038810730
0.994664431 0.022152491 -0.100756884 -4.572077751 -0.022851488 0.999722064 -0.005788443 -1.602535725 0.100600637 0.008060002 0.994894207 74.536643982
0.994871795 0.023631206 -0.098344453 -4.616914749 -0.024268627 0.999691606 -0.005290240 -1.618044615 0.098189101 0.007649798 0.995138347 75.017005920
0.995339334 0.024647444 -0.093230806 -4.658634663 -0.025223404 0.999669373 -0.005004251 -1.629330039 0.093076646 0.007332527 0.995631933 75.476631165
0.996042728 0.026830915 -0.084728457 -4.697489738 -0.027347486 0.999613702 -0.004941843 -1.641791463 0.084563129 0.007239397 0.996391833 75.942924500
0.997048974 0.029559461 -0.070849538 -4.724909306 -0.029980315 0.999538541 -0.004883872 -1.649920940 0.070672482 0.006993552 0.997474968 76.386566162
0.998157680 0.032888498 -0.050987389 -4.741687775 -0.033156302 0.999440432 -0.004415273 -1.661592722 0.050813649 0.006097692 0.998689532 76.815719604
0.999088645 0.034574978 -0.025030110 -4.749232292 -0.034698322 0.999387622 -0.004510120 -1.671781778 0.024858845 0.005374513 0.999676526 77.238784790
0.999375761 0.034866143 0.005697537 -4.726065636 -0.034837984 0.999380648 -0.004969262 -1.683261395 -0.005867269 0.004767668 0.999971509 77.652130127
0.998552322 0.033062905 0.042431176 -4.687906265 -0.032830793 0.999441981 -0.006155725 -1.696374655 -0.042611025 0.004753762 0.999080420 78.054039001
0.995944381 0.031423245 0.084305599 -4.626300335 -0.030927718 0.999495864 -0.007177701 -1.707968712 -0.084488630 0.004541212 0.996414065 78.454193115
0.991038680 0.029050149 0.130378067 -4.545459747 -0.028182326 0.999566674 -0.008496727 -1.719797134 -0.130568430 0.004746228 0.991427898 78.843566895
0.983243346 0.025984595 0.180436447 -4.439291954 -0.024619926 0.999648869 -0.009798982 -1.731768370 -0.180627733 0.005192450 0.983537853 79.224182129
0.972279549 0.022031019 0.232781515 -4.308143616 -0.019911833 0.999736130 -0.011449958 -1.740893722 -0.232972383 0.006497452 0.972461700 79.586250305
0.957369745 0.018489756 0.288272977 -4.169498444 -0.015722828 0.999805450 -0.011910927 -1.756245613 -0.288437098 0.006870694 0.957474113 79.918716431
0.938380122 0.013479563 0.345341891 -3.993850708 -0.010358898 0.999887109 -0.010880413 -1.765984297 -0.345449567 0.006632600 0.938413858 80.254371643
0.915452838 0.010327114 0.402292609 -3.801990509 -0.007093988 0.999929547 -0.009525835 -1.777647495 -0.402362525 0.005866593 0.915461600 80.572067261
0.888176382 0.004735094 0.459478229 -3.602005005 -0.001331051 0.999969244 -0.007732118 -1.788083553 -0.459500700 0.006255895 0.888155341 80.854621887
0.857863605 0.001004985 0.513876438 -3.371257782 0.002454374 0.999978721 -0.006052975 -1.803040504 -0.513871670 0.006453872 0.857842863 81.138992310
0.823383987 0.001212585 0.567483425 -3.121974945 0.003370715 0.999969721 -0.007027412 -1.814382076 -0.567474663 0.007699084 0.823354900 81.412841797
0.784497261 0.005369305 0.620109081 -2.861915588 -0.000023199 0.999962747 -0.008628974 -1.811695933 -0.620132327 0.006755020 0.784468174 81.687347412
0.741539359 0.008416036 0.670856714 -2.576099396 -0.004157179 0.999959767 -0.007949515 -1.817248940 -0.670896590 0.003106006 0.741544485 81.942565918
0.694223344 0.009035992 0.719702840 -2.270809174 -0.006344410 0.999959111 -0.006434858 -1.826259613 -0.719731688 -0.000098862 0.694252372 82.185699463
0.642804384 0.007529750 0.765993357 -1.963375092 -0.004878126 0.999971747 -0.005736153 -1.837474227 -0.766014874 -0.000049388 0.642822862 82.388412476
0.588339210 0.006518421 0.808587909 -1.624065399 -0.004296955 0.999978602 -0.004934793 -1.848008156 -0.808602810 -0.000571134 0.588354647 82.578987122
0.529967546 0.008664648 0.847973645 -1.271156311 -0.007905673 0.999954820 -0.005276704 -1.853956819 -0.847981095 -0.003907321 0.530012131 82.753044128
0.470031142 0.009400547 0.882599711 -0.910190582 -0.008499374 0.999945045 -0.006124021 -1.861402750 -0.882609010 -0.004623064 0.470085293 82.904167175
0.413265586 0.008697248 0.910569012 -0.537969589 -0.006969095 0.999955237 -0.006388064 -1.872487545 -0.910583973 -0.003705874 0.413307726 83.023620605
0.360513806 0.007587733 0.932723045 -0.157571793 -0.001739845 0.999970734 -0.007462313 -1.880629301 -0.932752371 0.001067473 0.360516399 83.125839233
0.311467111 0.007516159 0.950227201 0.237354279 0.002233633 0.999960184 -0.008641683 -1.886632681 -0.950254261 0.004814059 0.311437935 83.209411621
0.266854733 0.007997090 0.963703573 0.635845184 0.004450659 0.999944687 -0.009530241 -1.894430757 -0.963726461 0.006832306 0.266804338 83.289382935
0.227268308 0.008458727 0.973795474 1.040416718 0.004472378 0.999942601 -0.009729632 -1.901639938 -0.973821938 0.006566418 0.227217421 83.355613708
0.191075295 0.008590019 0.981537819 1.462652206 0.005868157 0.999933898 -0.009893366 -1.910574794 -0.981557906 0.007650195 0.191012233 83.411628723
0.159154981 0.009476589 0.987208128 1.887154579 0.007933759 0.999909341 -0.010877570 -1.917378783 -0.987221837 0.009563491 0.159065381 83.457061768
0.131302357 0.010389178 0.991288006 2.327318192 0.010152646 0.999878585 -0.011823996 -1.923273563 -0.991290331 0.011616712 0.131180972 83.497711182
0.107099392 0.010744607 0.994190216 2.746975899 0.010891262 0.999868929 -0.011979242 -1.940554142 -0.994188666 0.012110957 0.106968343 83.521926880
0.085409433 0.010775324 0.996287644 3.197915077 0.012248449 0.999854565 -0.011863934 -1.951696396 -0.996270597 0.013216272 0.085265033 83.544288635
0.066483349 0.012114350 0.997713983 3.657999992 0.014090218 0.999815106 -0.013078776 -1.956320286 -0.997688055 0.014927528 0.066300377 83.566261292
0.050818346 0.013637210 0.998614728 4.142606735 0.017022008 0.999749660 -0.014518938 -1.969631791 -0.998562813 0.017736256 0.050573491 83.572189331
0.037295621 0.015203814 0.999188602 4.614492416 0.018194102 0.999708176 -0.015890829 -1.977925062 -0.999138653 0.018771997 0.037008114 83.587440491
0.027260557 0.015506437 0.999508142 5.112717628 0.019095832 0.999689102 -0.016030069 -1.990366459 -0.999446034 0.019523423 0.026955970 83.596031189
0.020899853 0.015380752 0.999663293 5.624832630 0.019731371 0.999680638 -0.015793540 -2.000680447 -0.999586880 0.020054808 0.020589691 83.602943420
0.016794655 0.015845783 0.999733388 6.155883312 0.020897120 0.999650419 -0.016195523 -2.009977341 -0.999640584 0.021163547 0.016457651 83.604530334
0.014026017 0.016344979 0.999768019 6.691121578 0.020720566 0.999646902 -0.016633695 -2.018499851 -0.999686956 0.020949064 0.013682388 83.613784790
0.013261317 0.014767346 0.999802947 7.254116058 0.020425737 0.999678254 -0.015036428 -2.036572218 -0.999703467 0.020621117 0.012955420 83.624008179
0.014599867 0.014195635 0.999792576 7.832129002 0.019490311 0.999705136 -0.014479009 -2.046239853 -0.999703407 0.019697657 0.014318888 83.637962341
0.016844388 0.013512520 0.999766767 8.411782265 0.019675007 0.999710560 -0.013843250 -2.058677197 -0.999664605 0.019903595 0.016573651 83.653556824
0.019622453 0.012836495 0.999725044 9.010799408 0.019349458 0.999725401 -0.013216289 -2.069589376 -0.999620259 0.019603470 0.019368684 83.672073364
0.022599014 0.012796918 0.999662638 9.626839638 0.018553898 0.999740481 -0.013217354 -2.082560301 -0.999572456 0.018846333 0.022355717 83.699386597
0.027130611 0.012840637 0.999549389 10.278171539 0.018201131 0.999745369 -0.013337187 -2.093507290 -0.999466181 0.018554777 0.026889987 83.708518982
0.030592719 0.011427181 0.999466598 10.915277481 0.018111752 0.999764144 -0.011984967 -2.102863073 -0.999367833 0.018468743 0.030378535 83.740470886
0.034776356 0.010104041 0.999344051 11.559565544 0.018132884 0.999777913 -0.010739438 -2.118093967 -0.999230564 0.018494470 0.034585416 83.775382996
0.039963175 0.009123641 0.999159575 12.226842880 0.018672351 0.999776840 -0.009876115 -2.131718159 -0.999026716 0.019051339 0.039783895 83.801170349
0.044217337 0.007432720 0.998994291 12.903768539 0.020925486 0.999746144 -0.008364512 -2.142205477 -0.998802781 0.021274298 0.044050574 83.833587646
0.048582353 0.006993430 0.998794675 13.575062752 0.021855505 0.999728560 -0.008063043 -2.150322437 -0.998580098 0.022220882 0.048416328 83.873855591
0.053389449 0.005744422 0.998557270 14.254083633 0.022422126 0.999724329 -0.006949970 -2.162235498 -0.998322010 0.022760831 0.053245932 83.913108826
0.058072623 0.004502221 0.998302162 14.939403534 0.021550011 0.999751270 -0.005762349 -2.170235157 -0.998079717 0.021848058 0.057961144 83.957351685
0.062825300 0.004494056 0.998014510 15.624629974 0.021692149 0.999747515 -0.005867388 -2.180196047 -0.997788787 0.022017697 0.062711954 84.003143311
0.065995298 0.003825191 0.997812629 16.313228607 0.022096341 0.999741733 -0.005294039 -2.198100567 -0.997575223 0.022397390 0.065893732 84.053878784
0.066606104 0.004456568 0.997769415 17.017292023 0.020803470 0.999766409 -0.005854224 -2.209151983 -0.997562408 0.021146992 0.066497847 84.110137939
0.066669151 0.005358905 0.997760773 17.712661743 0.021156233 0.999753177 -0.006783238 -2.218392134 -0.997550786 0.021561090 0.066539310 84.155548096
0.066168807 0.005717927 0.997792125 18.419996262 0.021628018 0.999740481 -0.007163358 -2.231843472 -0.997574091 0.022054261 0.066027977 84.202735901
0.065138213 0.006440997 0.997855484 19.137573242 0.023301018 0.999696672 -0.007973930 -2.243836403 -0.997604191 0.023770457 0.064968370 84.257286072
0.064644992 0.006584208 0.997886598 19.863695145 0.023351807 0.999694407 -0.008108911 -2.263297319 -0.997635067 0.023826657 0.064471468 84.309188843
0.064069189 0.005687281 0.997929215 20.592775345 0.023723772 0.999692500 -0.007220446 -2.276221037 -0.997663438 0.024137257 0.063914567 84.357498169
0.063643798 0.005100993 0.997959614 21.330369949 0.024046090 0.999688804 -0.006643344 -2.286245346 -0.997682929 0.024419839 0.063501313 84.403312683
0.063083656 0.004533470 0.997997999 22.067367554 0.024583057 0.999679327 -0.006095007 -2.299835920 -0.997705400 0.024918336 0.062951989 84.450454712
0.062621512 0.004899788 0.998025239 22.800165176 0.025064772 0.999664843 -0.006480535 -2.313615322 -0.997722566 0.025421098 0.062477712 84.502021790
0.062668145 0.006110284 0.998015702 23.534761429 0.024962718 0.999658883 -0.007687821 -2.329761744 -0.997722149 0.025394967 0.062494233 84.549598694
0.062793858 0.007731382 0.997996688 24.267475128 0.025910106 0.999620259 -0.009374225 -2.343661785 -0.997690141 0.026446842 0.062569700 84.601257324
0.063226834 0.008223113 0.997965276 25.004386902 0.027232988 0.999579489 -0.009961780 -2.358470440 -0.997627497 0.027807431 0.062976316 84.649299622
0.063823059 0.008271796 0.997926950 25.739204407 0.028886179 0.999531329 -0.010132527 -2.375386238 -0.997543097 0.029472988 0.063554205 84.696304321
0.064095370 0.007027877 0.997919023 26.476408005 0.029704330 0.999518692 -0.008947021 -2.389905930 -0.997501612 0.030215979 0.063855782 84.743614197
0.064575151 0.004686915 0.997901738 27.210300446 0.029385092 0.999546349 -0.006596175 -2.404867649 -0.997480035 0.029749386 0.064408138 84.795959473
0.065106794 0.003590172 0.997871876 27.950765610 0.029266972 0.999556422 -0.005505776 -2.417754412 -0.997448981 0.029563151 0.064972848 84.847434998
0.065438762 0.003289496 0.997851074 28.684488297 0.029523794 0.999550343 -0.005231259 -2.432079077 -0.997419715 0.029802682 0.065312214 84.897018433
0.065611236 0.004193875 0.997836530 29.416040421 0.028991429 0.999561012 -0.006107412 -2.444023848 -0.997424006 0.029329421 0.065460838 84.950927734
0.064094193 0.005186499 0.997930288 30.150922775 0.027245453 0.999604642 -0.006945096 -2.459670544 -0.997571886 0.027634209 0.063927554 85.001853943
0.061608084 0.005761499 0.998083711 30.878944397 0.025136897 0.999657273 -0.007322191 -2.472321987 -0.997783899 0.025539838 0.061442122 85.054374695
0.059271928 0.005499086 0.998226643 31.609989166 0.023617066 0.999697208 -0.006909502 -2.493097067 -0.997962534 0.023984727 0.059124105 85.105003357
0.057176579 0.005447647 0.998349190 32.349693298 0.023498129 0.999700725 -0.006800786 -2.506722212 -0.998087525 0.023848183 0.057031460 85.147529602
0.055163082 0.005444980 0.998462558 33.079982758 0.023122827 0.999709964 -0.006729274 -2.519457340 -0.998209655 0.023458481 0.055021185 85.195259094
0.053100891 0.005558720 0.998573661 33.816066742 0.022727270 0.999718726 -0.006773656 -2.536270618 -0.998330534 0.023054538 0.052959625 85.240203857
0.051617898 0.005740473 0.998650551 34.545181274 0.021418208 0.999747038 -0.006853835 -2.549361467 -0.998437226 0.021743078 0.051481899 85.281867981
0.050422043 0.005080309 0.998715103 35.278038025 0.021234123 0.999755502 -0.006157648 -2.563722134 -0.998502254 0.021517320 0.050301839 85.324913025
0.049705971 0.004615141 0.998753309 36.008800507 0.022463040 0.999731064 -0.005737602 -2.579110384 -0.998511314 0.022720221 0.049588937 85.359214783
0.049442749 0.004356863 0.998767436 36.742355347 0.022756360 0.999725997 -0.005487569 -2.589743376 -0.998517692 0.022999629 0.049330063 85.399818420
0.049576815 0.004094698 0.998761952 37.474739075 0.023739431 0.999704242 -0.005276946 -2.601903200 -0.998488069 0.023971656 0.049464948 85.441154480
0.050031506 0.004797375 0.998736143 38.203990936 0.023743326 0.999700189 -0.005991424 -2.616543293 -0.998465419 0.024013076 0.049902599 85.478904724
0.050084412 0.004904852 0.998732865 38.940979004 0.023767393 0.999698877 -0.006101482 -2.630750179 -0.998462260 0.024042867 0.049952745 85.520744324
0.050406527 0.004990261 0.998716295 39.674171448 0.023649275 0.999701142 -0.006188791 -2.644238234 -0.998448730 0.023930868 0.050273459 85.561172485
0.050453894 0.004828194 0.998714685 40.397148132 0.023500759 0.999705672 -0.006020215 -2.655951023 -0.998449922 0.023774294 0.050325576 85.604141235
0.050893061 0.004243417 0.998695076 41.124416351 0.023218079 0.999715626 -0.005430935 -2.675246716 -0.998434186 0.023464177 0.050780058 85.649742126
0.051221862 0.004137936 0.998678744 41.863010406 0.023339475 0.999713361 -0.005339296 -2.684914589 -0.998414457 0.023582123 0.051110607 85.681556702
0.051142059 0.004574950 0.998680949 42.597118378 0.022598315 0.999728143 -0.005736999 -2.696131229 -0.998435676 0.022861911 0.051024772 85.723564148
0.050504390 0.004540765 0.998713493 43.325248718 0.021193417 0.999759555 -0.005617260 -2.707732677 -0.998498857 0.021449847 0.050396014 85.769447327
0.049631581 0.004909002 0.998755455 44.058155060 0.020538487 0.999771416 -0.005934622 -2.721577406 -0.998556376 0.020807473 0.049519412 85.811157227
0.048998717 0.005050087 0.998786092 44.785266876 0.020654080 0.999768257 -0.006068308 -2.735328913 -0.998585224 0.020926345 0.048883066 85.855438232
0.048322540 0.004527704 0.998821497 45.520824432 0.021437956 0.999754667 -0.005569093 -2.751229763 -0.998601615 0.021681804 0.048213623 85.886085510
0.047657918 0.005086366 0.998850703 46.254032135 0.021753753 0.999744594 -0.006128849 -2.763067961 -0.998626709 0.022020835 0.047535092 85.923614502
0.046965681 0.005273684 0.998882592 46.982921600 0.022250086 0.999732435 -0.006324331 -2.779617786 -0.998648643 0.022522248 0.046835765 85.958938599
0.046374075 0.005832823 0.998907149 47.722682953 0.021406144 0.999747515 -0.006831507 -2.794252396 -0.998694718 0.021699550 0.046237506 85.998184204
0.045918819 0.006137595 0.998926342 48.448814392 0.021319604 0.999747336 -0.007122662 -2.807921886 -0.998717666 0.021623783 0.045776367 86.036392212
0.045597613 0.005809799 0.998943031 49.184425354 0.020787397 0.999761045 -0.006763415 -2.820593357 -0.998743594 0.021073824 0.045465942 86.076728821
0.045135997 0.005202972 0.998967171 49.921195984 0.020928526 0.999762058 -0.006152718 -2.840663433 -0.998761594 0.021184623 0.045016363 86.113067627
0.044832226 0.005149188 0.998981237 50.662456512 0.019821741 0.999785304 -0.006042891 -2.853380680 -0.998797774 0.020072462 0.044720531 86.153167725
0.044319507 0.005368941 0.999002934 51.399360657 0.018435994 0.999810874 -0.006191173 -2.864339590 -0.998847246 0.018692007 0.044212140 86.194000244
0.044304233 0.005498451 0.999002934 52.141876221 0.017893257 0.999820054 -0.006296487 -2.884680271 -0.998857796 0.018154379 0.044197872 86.226577759
0.043677669 0.005703271 0.999029338 52.875637054 0.017358882 0.999828458 -0.006466764 -2.895702600 -0.998894870 0.017624484 0.043571174 86.268608093
0.043099422 0.005833388 0.999053657 53.609493256 0.017906290 0.999817729 -0.006610331 -2.912427425 -0.998910248 0.018174246 0.042987116 86.306251526
0.043553997 0.005662580 0.999035001 54.350254059 0.017578067 0.999824762 -0.006433391 -2.924922705 -0.998896420 0.017841302 0.043446835 86.331298828
0.043305561 0.005272355 0.999047995 55.077278137 0.016648557 0.999843478 -0.005998215 -2.938778639 -0.998923123 0.016892461 0.043211002 86.367042542
0.043300360 0.004411308 0.999052346 55.813632965 0.016659012 0.999848008 -0.005136846 -2.957479715 -0.998923182 0.016865658 0.043220285 86.394454956
0.043221332 0.004180053 0.999056756 56.536300659 0.018038696 0.999824941 -0.004963660 -2.971838474 -0.998902678 0.018236216 0.043138362 86.428970337
0.043128852 0.003954413 0.999061704 57.271121979 0.018973747 0.999808490 -0.004776454 -2.982017040 -0.998889327 0.019161949 0.043045565 86.460838318
0.043178793 0.004288078 0.999058187 57.992118835 0.019041052 0.999805629 -0.005114231 -2.998302221 -0.998885870 0.019243944 0.043088749 86.494606018
0.043193169 0.004715037 0.999055624 58.716136932 0.018864499 0.999806762 -0.005534169 -3.008056164 -0.998888612 0.019085722 0.043095872 86.529121399
0.043122970 0.004899879 0.999057770 59.426631927 0.018421130 0.999814153 -0.005698712 -3.021818399 -0.998899877 0.018649517 0.043024696 86.563995361
0.043566462 0.005252581 0.999036729 60.142898560 0.018659776 0.999807417 -0.006070358 -3.034767628 -0.998876214 0.018906265 0.043460056 86.592979431
0.043366041 0.005637493 0.999043345 60.851631165 0.018639300 0.999805510 -0.006450879 -3.049757481 -0.998885393 0.018901218 0.043252528 86.629905701
0.043382477 0.005721400 0.999042153 61.565460205 0.017849844 0.999819517 -0.006500964 -3.063935757 -0.998899162 0.018114777 0.043272525 86.665161133
0.043164201 0.005956016 0.999050200 62.271167755 0.016746134 0.999837518 -0.006684231 -3.076563120 -0.998927593 0.017018750 0.043057445 86.703834534
0.043152303 0.005776277 0.999051750 62.968265533 0.016228314 0.999847233 -0.006481831 -3.092004776 -0.998936653 0.016492635 0.043051969 86.736694336
0.043234315 0.005714407 0.999048591 63.682342529 0.015752401 0.999855459 -0.006400715 -3.103305817 -0.998940766 0.016014146 0.043138042 86.773475647
0.043532982 0.004893418 0.999039888 64.380111694 0.015198883 0.999869049 -0.005559768 -3.118304729 -0.998936355 0.015426326 0.043452900 86.809593201
0.043996297 0.004695814 0.999020576 65.084197998 0.014897522 0.999874651 -0.005355906 -3.132604122 -0.998920619 0.015118572 0.043920826 86.844917297
0.044901058 0.004453213 0.998981535 65.768280029 0.015148256 0.999872029 -0.005138050 -3.148198605 -0.998876631 0.015363529 0.044827856 86.881378174
0.046274804 0.003975784 0.998920858 66.467697144 0.015468901 0.999869466 -0.004696153 -3.161521673 -0.998808920 0.015669523 0.046207260 86.914207458
0.047636341 0.003619193 0.998858213 67.146621704 0.015481678 0.999870718 -0.004361195 -3.176854610 -0.998744786 0.015671749 0.047574148 86.949142456
0.049573440 0.003305505 0.998764932 67.836479187 0.014763233 0.999882877 -0.004041974 -3.186575890 -0.998661339 0.014945375 0.049518820 86.988906860
0.051554143 0.002971980 0.998665750 68.521514893 0.015643666 0.999870479 -0.003783138 -3.194880962 -0.998547614 0.015817832 0.051500972 87.023124695
0.053515874 0.002788167 0.998563051 69.194839478 0.016141968 0.999862969 -0.003656891 -3.202927113 -0.998436570 0.016314475 0.053463537 87.065986633
0.056235570 0.002684149 0.998413920 69.881080627 0.016392207 0.999859095 -0.003611324 -3.216039181 -0.998282909 0.016569290 0.056183644 87.102264404
0.058431730 0.003116733 0.998286605 70.547164917 0.015554323 0.999870896 -0.004032105 -3.226274014 -0.998170197 0.015763275 0.058375705 87.148048401
0.061249159 0.003103528 0.998117626 71.222305298 0.015648535 0.999869287 -0.004069241 -3.235647202 -0.997999847 0.015868317 0.061192568 87.185668945
0.063761026 0.002633600 0.997961700 71.877166748 0.015485413 0.999873459 -0.003628028 -3.248592377 -0.997845113 0.015685173 0.063712180 87.231506348
0.065625422 0.001965508 0.997842312 72.522155762 0.015093697 0.999881685 -0.002962197 -3.254625320 -0.997730136 0.015255529 0.065587990 87.283927917
0.068138592 0.001523319 0.997674704 73.161125183 0.014067073 0.999897897 -0.002487458 -3.271725893 -0.997576714 0.014203854 0.068110220 87.326484680
0.071019530 0.002139256 0.997472703 73.775444031 0.014005546 0.999896884 -0.003141643 -3.280951262 -0.997376680 0.014193266 0.070982255 87.369537354
0.073745683 0.002806887 0.997273147 74.371337891 0.013276019 0.999904633 -0.003796019 -3.293138742 -0.997188747 0.013519758 0.073701397 87.423400879
0.077887587 0.003576548 0.996955752 74.965324402 0.011792632 0.999920249 -0.004508488 -3.301050186 -0.996892393 0.012107886 0.077839218 87.469406128
0.083187304 0.005478570 0.996518850 75.562690735 0.009895731 0.999931037 -0.006323404 -3.298271656 -0.996484816 0.010387309 0.083127350 87.508949280
0.087184444 0.005882540 0.996174812 76.126800537 0.008404043 0.999942601 -0.006640305 -3.312577486 -0.996156871 0.008950826 0.087130010 87.562713623
0.090808280 0.007165756 0.995842695 76.676551819 0.007915166 0.999937296 -0.007916984 -3.313265324 -0.995837033 0.008601185 0.090745859 87.621795654
0.094633088 0.007207298 0.995486081 77.216758728 0.007005994 0.999944270 -0.007905579 -3.327867746 -0.995487630 0.007722496 0.094577305 87.672058105
0.101187803 0.009562970 0.994821370 77.754562378 0.006768961 0.999924004 -0.010300522 -3.311951876 -0.994844317 0.007776194 0.101115383 87.680725098
0.105684884 0.010412357 0.994345129 78.282829285 0.004513691 0.999929786 -0.010950580 -3.315644503 -0.994389415 0.005645477 0.105630472 87.707511902
0.106786661 0.009813026 0.994233549 78.772621155 0.001540627 0.999948442 -0.010034904 -3.340687990 -0.994280636 0.002603337 0.106766053 87.752227783
0.104394965 0.009648618 0.994489014 79.237709045 -0.001945917 0.999952972 -0.009497359 -3.362500191 -0.994534016 -0.000943717 0.104408823 87.801437378
0.098319620 0.010626884 0.995098174 79.694366455 -0.005297157 0.999934435 -0.010155153 -3.365429640 -0.995140791 -0.004272739 0.098369457 87.842842102
0.089615382 0.011323483 0.995912075 80.132560730 -0.009006478 0.999903679 -0.010558438 -3.369841099 -0.995935738 -0.008023461 0.089708723 87.832374573
0.067304760 0.009909984 0.997683227 80.550270081 -0.011338845 0.999893606 -0.009167011 -3.391772985 -0.997668028 -0.010695594 0.067409962 87.870010376
0.039777182 0.005742143 0.999192119 80.947250366 -0.011498850 0.999919891 -0.005288565 -3.442334175 -0.999142408 -0.011279194 0.039840028 87.873008728
0.005269596 0.012326261 0.999910116 81.327072144 -0.011212169 0.999861896 -0.012266580 -3.399915695 -0.999923229 -0.011146521 0.005407073 87.844848633
-0.039144937 0.011457861 0.999167740 81.714576721 -0.009555213 0.999884188 -0.011840428 -3.422173977 -0.999187768 -0.010010753 -0.039030924 87.814300537
-0.091336913 0.010692041 0.995762587 82.090194702 -0.008159452 0.999900758 -0.011484905 -3.432803392 -0.995786548 -0.009173874 -0.091240607 87.766021729
-0.149381444 0.013627066 0.988685727 82.450141907 -0.004469862 0.999885499 -0.014456789 -3.421814919 -0.988769531 -0.006578865 -0.149303406 87.685760498
-0.212255239 0.018511329 0.977038860 82.790672302 -0.000567392 0.999817967 -0.019066174 -3.406011581 -0.977214098 -0.004601259 -0.212206125 87.580001831
-0.277766496 0.022603143 0.960382640 83.121246338 0.006342260 0.999744475 -0.021695206 -3.397042036 -0.960627675 0.000064793 -0.277838945 87.434326172
-0.346954763 0.022336232 0.937615812 83.443710327 0.014497271 0.999724686 -0.018451251 -3.410473585 -0.937769890 0.007191122 -0.347183049 87.279029846
-0.411734015 0.020295717 0.911078155 83.729904175 0.020741696 0.999701619 -0.012896372 -3.421236515 -0.911067963 0.013587427 -0.412032217 87.081527710
-0.474949956 0.020244285 0.879779875 83.992805481 0.025385600 0.999634445 -0.009297778 -3.420748234 -0.879646599 0.017917762 -0.475290298 86.871589661
-0.536583245 0.020234641 0.843604803 84.235961914 0.026665887 0.999619722 -0.007015698 -3.420930862 -0.843425930 0.018730963 -0.536918879 86.653579712
-0.597601771 0.019159898 0.801564097 84.474006653 0.024961166 0.999674499 -0.005285691 -3.409629345 -0.801404357 0.016849240 -0.597885489 86.424201965
-0.653407812 0.014853539 0.756860375 84.665992737 0.023037583 0.999734581 0.000268665 -3.416090488 -0.756655455 0.017611781 -0.653576612 86.160041809
-0.708171368 0.012820709 0.705924213 84.872390747 0.021832524 0.999754548 0.003744882 -3.414607525 -0.705702960 0.018064126 -0.708277524 85.903419495
-0.761083484 0.008683989 0.648595810 85.090080261 0.018480044 0.999794781 0.008298926 -3.434019566 -0.648390651 0.018302254 -0.761087775 85.635742188
-0.805266082 0.011833086 0.592795491 85.243019104 0.022169283 0.999702632 0.010159669 -3.440934658 -0.592499018 0.021323087 -0.805288911 85.335632324
-0.842200160 0.016141068 0.538923442 85.366928101 0.025099348 0.999641836 0.009284044 -3.434898853 -0.538580537 0.021345649 -0.842303634 85.031158447
-0.874842405 0.019968528 0.483995885 85.497161865 0.026934948 0.999609351 0.007444498 -3.425222635 -0.483658195 0.019549165 -0.875038564 84.710136414
-0.902322412 0.016390245 0.430749953 85.633255005 0.022011347 0.999725163 0.008068703 -3.421894312 -0.430499256 0.016761959 -0.902435243 84.386840820
-0.923335254 0.013515804 0.383756876 85.742691040 0.019127395 0.999758542 0.010810113 -3.416575193 -0.383518130 0.017321626 -0.923370898 84.040100098
-0.940079629 0.011947461 0.340745598 85.838699341 0.017930822 0.999735355 0.014415743 -3.414775610 -0.340483159 0.019661795 -0.940044999 83.691963196
-0.953884125 0.011081716 0.299970299 85.918319702 0.016871208 0.999717891 0.016716950 -3.404971361 -0.299700439 0.021006899 -0.953801930 83.341064453
-0.964961827 0.010792168 0.262168348 85.978347778 0.016186878 0.999699116 0.018426318 -3.413384676 -0.261890590 0.022024382 -0.964846373 82.995162964
-0.973871469 0.010218599 0.226870030 86.039039612 0.014849739 0.999714553 0.018715808 -3.402186871 -0.226614013 0.021595754 -0.973745227 82.619682312
-0.980983794 0.009124986 0.193875030 86.094200134 0.013235071 0.999714077 0.019914974 -3.401602745 -0.193637878 0.022102218 -0.980824113 82.237899780
-0.986286104 0.009010606 0.164798737 86.132049561 0.012594365 0.999706089 0.020714279 -3.400646448 -0.164563641 0.022505743 -0.986109674 81.848136902
-0.990271389 0.010508845 0.138752252 86.170562744 0.013523092 0.999692142 0.020799093 -3.397621632 -0.138490930 0.022473108 -0.990108669 81.465026855
-0.993134916 0.012494592 0.116305590 86.204406738 0.014984002 0.999676526 0.020554358 -3.390955925 -0.116011135 0.022155974 -0.993000746 81.038856506
-0.995109141 0.014018072 0.097781494 86.226211548 0.016105065 0.999658287 0.020586869 -3.383581161 -0.097459480 0.022060959 -0.994994819 80.611038208
-0.996550739 0.012943201 0.081969671 86.261253357 0.014665141 0.999683499 0.020439893 -3.369104147 -0.081679180 0.021571495 -0.996425152 80.156578064
-0.997474492 0.012514135 0.069915302 86.285606384 0.013952076 0.999700248 0.020116590 -3.353664398 -0.069642611 0.021041252 -0.997349977 79.687431335
-0.998101532 0.012459571 0.060319051 86.316009521 0.013683624 0.999707878 0.019922573 -3.348966599 -0.060053214 0.020710133 -0.997980297 79.196052551
-0.998456657 0.013928035 0.053760275 86.336769104 0.014985695 0.999701023 0.019320862 -3.341243982 -0.053475093 0.020096678 -0.998366892 78.707427979
-0.998675406 0.014489284 0.049370136 86.359748840 0.015461789 0.999692798 0.019373601 -3.333792210 -0.049074251 0.020111294 -0.998592675 78.189224243
-0.998782158 0.014432061 0.047179464 86.390686035 0.015337281 0.999704123 0.018881366 -3.320170403 -0.046893012 0.019581977 -0.998708010 77.660934448
-0.998774707 0.016380042 0.046701670 86.417854309 0.017284496 0.999669433 0.019028924 -3.322858810 -0.046374537 0.019812819 -0.998727620 77.133361816
-0.998733103 0.016705310 0.047467966 86.448730469 0.017656036 0.999650478 0.019680537 -3.318963528 -0.047122601 0.020493699 -0.998678923 76.582939148
-0.998673558 0.016811619 0.048668068 86.479537964 0.017828256 0.999630213 0.020530988 -3.311252832 -0.048304912 0.021371419 -0.998604000 76.028923035
-0.998572409 0.018952688 0.049938463 86.509254456 0.020054299 0.999564469 0.021651424 -3.301084280 -0.049506355 0.022621999 -0.998517573 75.455238342
-0.998498499 0.020218009 0.050911330 86.543075562 0.021422420 0.999500751 0.023223488 -3.293205261 -0.050416373 0.024279257 -0.998433113 74.883148193
-0.998396695 0.021553813 0.052340571 86.575965881 0.022848269 0.999444604 0.024260275 -3.281796694 -0.051788598 0.025417272 -0.998334646 74.309921265
-0.998277485 0.023062395 0.053946950 86.608139038 0.024450129 0.999383211 0.025206992 -3.275227070 -0.053332351 0.026482582 -0.998225629 73.742088318
-0.998167038 0.024712896 0.055243369 86.643623352 0.026163809 0.999327362 0.025696894 -3.267932177 -0.054571174 0.027095173 -0.998142183 73.169853210
-0.998015702 0.026461983 0.057133712 86.670783997 0.027980842 0.999271572 0.025949854 -3.262128353 -0.056405414 0.027497014 -0.998029232 72.608741760
-0.997870922 0.027119868 0.059313975 86.704231262 0.028709641 0.999246538 0.026116660 -3.257845879 -0.058561005 0.027763937 -0.997897685 72.042343140
-0.997738600 0.027946940 0.061128054 86.742965698 0.029559311 0.999234319 0.025633434 -3.254837513 -0.060364868 0.027382372 -0.997800648 71.479141235
-0.997582912 0.029291684 0.063010201 86.779724121 0.030904975 0.999215007 0.024783051 -3.250001431 -0.062234800 0.026670476 -0.997705102 70.927215576
-0.997475624 0.029486382 0.064598955 86.826080322 0.031081503 0.999232709 0.023828162 -3.244277477 -0.063846782 0.025775841 -0.997626722 70.367103577
-0.997347713 0.030017888 0.066306502 86.864746094 0.031609152 0.999233723 0.023081120 -3.232990503 -0.065562844 0.025115792 -0.997532248 69.818016052
-0.997183979 0.030559847 0.068485305 86.903953552 0.032198571 0.999217808 0.022953162 -3.218142033 -0.067730300 0.025093652 -0.997388065 69.249259949
-0.997025907 0.030658878 0.070706569 86.943664551 0.032407656 0.999193192 0.023719622 -3.216672659 -0.069922306 0.025940513 -0.997215092 68.691711426
-0.996907413 0.030917725 0.072248720 86.990119934 0.032785125 0.999154508 0.024805194 -3.213124514 -0.071420737 0.027097162 -0.997078121 68.138221741
-0.996828020 0.031036640 0.073284201 87.034332275 0.032990806 0.999127507 0.025607243 -3.210443020 -0.072425507 0.027943725 -0.996982276 67.575546265
-0.996788919 0.030421525 0.074070096 87.075012207 0.032429885 0.999134123 0.026064059 -3.203634501 -0.073213056 0.028382452 -0.996912360 67.026336670
-0.996879458 0.028712349 0.073530905 87.124084473 0.030702297 0.999188304 0.026076762 -3.197573185 -0.072722502 0.028252956 -0.996951878 66.476364136
-0.996967554 0.028332401 0.072475336 87.167510986 0.030297739 0.999198496 0.026163092 -3.193803787 -0.071675986 0.028279597 -0.997026920 65.926147461
-0.997097552 0.028263247 0.070694558 87.203781128 0.030160926 0.999208868 0.025921360 -3.180325985 -0.069905989 0.027978333 -0.997161150 65.385414124
-0.997238457 0.028155357 0.068722464 87.241516113 0.029981781 0.999220192 0.025691492 -3.173144817 -0.067945503 0.027680965 -0.997304916 64.851829529
-0.997403145 0.027492924 0.066565968 87.279533386 0.029265733 0.999238372 0.025805259 -3.168333054 -0.065805808 0.027686346 -0.997448206 64.325920105
-0.997597575 0.026774464 0.063893430 87.313522339 0.028473351 0.999260783 0.025828406 -3.155734539 -0.063154653 0.027585611 -0.997622371 63.811141968
-0.997990847 0.023617303 0.058791846 87.345977783 0.025206935 0.999332368 0.026445048 -3.151846886 -0.058128029 0.027873877 -0.997919858 63.306968689
-0.998539090 0.021096511 0.049745720 87.367286682 0.022469340 0.999377370 0.027201036 -3.158043146 -0.049140908 0.028279051 -0.998391390 62.832427979
-0.999159694 0.019018039 0.036306940 87.381401062 0.020040181 0.999407053 0.027999526 -3.155584335 -0.035752922 0.028703593 -0.998948336 62.369529724
-0.999666214 0.018178143 0.018360443 87.378929138 0.018698387 0.999416888 0.028572284 -3.148284912 -0.017830346 0.028906057 -0.999423146 61.919528961
-0.999850631 0.016344473 -0.005611554 87.367317200 0.016175270 0.999449134 0.028978547 -3.139951229 0.006082091 0.028883450 -0.999564230 61.486701965
-0.999258757 0.015693141 -0.035154812 87.335350037 0.014616749 0.999422729 0.030669151 -3.140220404 0.035615820 0.030132564 -0.998911202 61.071186066
-0.997396946 0.015313324 -0.070461571 87.282867432 0.013081944 0.999401569 0.032021269 -3.135312557 0.070909753 0.031016137 -0.997000337 60.685924530
-0.993571639 0.017879549 -0.111784518 87.210960388 0.014386206 0.999384999 0.031979617 -3.129101515 0.112287551 0.030165879 -0.993217766 60.303646088
-0.987338662 0.021034800 -0.157225847 87.109924316 0.016183684 0.999354541 0.032071348 -3.117333889 0.157798991 0.029120788 -0.987041771 59.936618805
-0.977969170 0.024896938 -0.207259536 86.993209839 0.018309763 0.999266207 0.033640373 -3.112282753 0.207945004 0.029104369 -0.977707386 59.583789825
-0.964800775 0.029417520 -0.261331469 86.856330872 0.020968221 0.999165058 0.035062015 -3.107223511 0.262144774 0.028348196 -0.964612067 59.235000610
-0.947946012 0.033296056 -0.316685587 86.700492859 0.023171404 0.999094367 0.035684183 -3.097734928 0.317587018 0.026488619 -0.947859108 58.924564362
-0.927134931 0.037208699 -0.372875720 86.528839111 0.025320891 0.999004424 0.036730118 -3.088158846 0.373871177 0.024612235 -0.927154124 58.610122681
-0.902818859 0.040817469 -0.428079635 86.334846497 0.026556963 0.998877048 0.039234538 -3.080235004 0.429200411 0.024053184 -0.902888954 58.308334351
-0.875028551 0.043169849 -0.482142597 86.126663208 0.027223997 0.998827755 0.040024396 -3.069629431 0.483305246 0.021896645 -0.875178039 58.025390625
-0.844365835 0.043591723 -0.533990800 85.906005859 0.026252614 0.998853624 0.040028665 -3.064295292 0.535123587 0.019780185 -0.844542146 57.763603210
-0.811503410 0.042220347 -0.582820356 85.664840698 0.024358574 0.998963594 0.038450133 -3.054554224 0.583839715 0.017005736 -0.811690688 57.512298584
-0.773870707 0.037816323 -0.632213473 85.416732788 0.019150510 0.999156475 0.036323819 -3.045278311 0.633053899 0.016002730 -0.773942232 57.273643494
-0.732015252 0.034482919 -0.680414855 85.146125793 0.014808031 0.999287605 0.034712117 -3.032150745 0.681127250 0.015334195 -0.732004523 57.044342041
-0.687583804 0.034719657 -0.725274444 84.852966309 0.013159538 0.999287963 0.035361301 -3.018843412 0.725985765 0.014769582 -0.687551141 56.851280212
-0.637717903 0.033689167 -0.769532919 84.563369751 0.007427891 0.999265611 0.037591029 -2.997973204 0.770234108 0.018256463 -0.637499809 56.645446777
-0.586777151 0.034911711 -0.808995545 84.237373352 0.005887083 0.999227643 0.038851067 -2.972553253 0.809727073 0.018034292 -0.586529493 56.474582672
-0.533666253 0.037270270 -0.844873548 83.908805847 0.000779896 0.999049604 0.043578893 -2.978763103 0.845694840 0.022597671 -0.533188105 56.306480408
-0.480060220 0.040850408 -0.876283884 83.593452454 0.000028645 0.998915851 0.046551552 -2.975524187 0.877235532 0.022322444 -0.479540944 56.170520782
-0.429456502 0.043642193 -0.902032495 83.230163574 -0.001095265 0.998805702 0.048845746 -2.964690447 0.903086901 0.021965086 -0.428895801 56.047286987
-0.381430119 0.044699248 -0.923316360 82.854949951 -0.003995097 0.998741090 0.050001103 -2.955915451 0.924389005 0.022760661 -0.380771369 55.929733276
-0.336806864 0.042017866 -0.940635800 82.474334717 -0.007568152 0.998850703 0.047328182 -2.938380003 0.941543341 0.023059333 -0.336101711 55.829475403
-0.294256687 0.038860623 -0.954935968 82.150543213 -0.013975123 0.998891175 0.044955689 -2.934731960 0.955624223 0.026573863 -0.293387294 55.735176086
-0.254167825 0.035863157 -0.966494977 81.758132935 -0.017277636 0.998984456 0.041612383 -2.923972130 0.967005789 0.027275281 -0.253290087 55.657371521
-0.216347024 0.033856072 -0.975729287 81.352699280 -0.019440163 0.999051034 0.038975738 -2.917016029 0.976122916 0.027400622 -0.215483576 55.587768555
-0.180820912 0.031787816 -0.983002186 80.933319092 -0.020379256 0.999141872 0.036058448 -2.902136326 0.983304858 0.026552975 -0.180017933 55.530448914
-0.148509070 0.030649178 -0.988435924 80.499267578 -0.020573089 0.999207497 0.034074213 -2.886481762 0.988697052 0.025395509 -0.147760808 55.487396240
-0.119459853 0.029791437 -0.992391944 80.047050476 -0.019813236 0.999279201 0.032383222 -2.874119282 0.992641389 0.023530992 -0.118783452 55.453788757
-0.094705246 0.028850244 -0.995087206 79.590316772 -0.018418528 0.999358118 0.030727012 -2.863890171 0.995334983 0.021238055 -0.094113089 55.425861359
-0.074476384 0.029596675 -0.996783435 79.108917236 -0.016916059 0.999378145 0.030937631 -2.854558468 0.997079313 0.019165769 -0.073929414 55.407619476
-0.057613816 0.031551361 -0.997840106 78.620033264 -0.016586011 0.999332190 0.032556184 -2.844934940 0.998201132 0.018425878 -0.057052035 55.381134033
-0.044596329 0.033614889 -0.998439312 78.110847473 -0.017155508 0.999260604 0.034408804 -2.833721638 0.998857737 0.018663242 -0.043986678 55.366436005
-0.034389693 0.034470666 -0.998813868 77.589828491 -0.017974574 0.999221981 0.035103630 -2.817626953 0.999246776 0.019160457 -0.033743341 55.346305847
-0.027917635 0.035431813 -0.998982072 77.054817200 -0.017499387 0.999201179 0.035928622 -2.803182364 0.999456942 0.018484615 -0.027275298 55.336608887
-0.023250904 0.036597379 -0.999059558 76.502799988 -0.016218638 0.999184430 0.036979396 -2.787539005 0.999598086 0.017063187 -0.022638384 55.324806213
-0.020000383 0.037888486 -0.999081790 75.932914734 -0.016129138 0.999139428 0.038213558 -2.773880482 0.999669850 0.016878609 -0.019372066 55.312877655
-0.018856455 0.037830964 -0.999106228 75.342041016 -0.015911849 0.999145985 0.038132779 -2.752538204 0.999695599 0.016616676 -0.018238392 55.298915863
-0.020100370 0.037458852 -0.999095976 74.746330261 -0.015602115 0.999164402 0.037775315 -2.736387253 0.999676228 0.016347310 -0.019499138 55.286373138
-0.021687290 0.036378946 -0.999102712 74.132453918 -0.014853163 0.999215722 0.036705475 -2.715796947 0.999654412 0.015635878 -0.021129942 55.269687653
-0.023585374 0.035571478 -0.999088764 73.502510071 -0.013544072 0.999263585 0.035897449 -2.694088936 0.999630034 0.014378387 -0.023086227 55.253967285
-0.026238715 0.034978803 -0.999043524 72.855049133 -0.011676473 0.999308705 0.035294764 -2.675719023 0.999587536 0.012591394 -0.025812147 55.236724854
-0.029527334 0.034842938 -0.998956501 72.198616028 -0.010357900 0.999327958 0.035162043 -2.657574415 0.999510348 0.011385333 -0.029146589 55.215431213
-0.031956226 0.034604669 -0.998890042 71.511398315 -0.009856923 0.999340951 0.034935623 -2.636327744 0.999440670 0.010962391 -0.031594060 55.184402466
-0.035115555 0.034633867 -0.998782933 70.818496704 -0.008396099 0.999353826 0.034948848 -2.615714550 0.999348044 0.009613128 -0.034802068 55.155651093
-0.038212348 0.034805018 -0.998663247 70.104545593 -0.006806682 0.999360919 0.035089783 -2.593442440 0.999246478 0.008138446 -0.037951015 55.131137848
-0.039960261 0.035457719 -0.998571992 69.382133484 -0.005788624 0.999345243 0.035716817 -2.577299118 0.999184489 0.007207612 -0.039728843 55.092262268
-0.042440649 0.035221107 -0.998477995 68.630294800 -0.005286291 0.999356508 0.035476793 -2.556045055 0.999085009 0.006783905 -0.042227149 55.065612793
-0.043994617 0.035599194 -0.998397231 67.881576538 -0.006391590 0.999334395 0.035914257 -2.535827637 0.999011278 0.007961382 -0.043737799 55.029987335
-0.044776320 0.036675539 -0.998323560 67.126266479 -0.006116900 0.999297023 0.036985658 -2.515469074 0.998978317 0.007762727 -0.044520505 54.993125916
-0.045797002 0.037857834 -0.998233140 66.360000610 -0.006335110 0.999250531 0.038187064 -2.489726305 0.998930693 0.008072769 -0.045522843 54.951225281
-0.046232153 0.038593255 -0.998184919 65.588211060 -0.006774764 0.999218285 0.038946982 -2.466518879 0.998907745 0.008563070 -0.045934547 54.910171509
-0.047464598 0.039219588 -0.998102665 64.816116333 -0.007054781 0.999190807 0.039597832 -2.444779634 0.998848021 0.008920891 -0.047149502 54.873302460
-0.048205461 0.038973261 -0.998076677 64.033004761 -0.008001080 0.999191344 0.039403219 -2.424417973 0.998805344 0.009885142 -0.047854640 54.831783295
-0.048718177 0.038179729 -0.998082519 63.247558594 -0.008931326 0.999212503 0.038658913 -2.399501324 0.998772621 0.010797592 -0.048338819 54.788646698
-0.048684604 0.038143516 -0.998085558 62.444644928 -0.010312787 0.999198079 0.038689073 -2.380086422 0.998760939 0.012176606 -0.048252191 54.745655060
-0.047872290 0.037585437 -0.998146057 61.642051697 -0.011145145 0.999209464 0.038160011 -2.351910591 0.998791277 0.012951289 -0.047415547 54.695957184
-0.047668159 0.037635263 -0.998153925 60.835247040 -0.012037600 0.999195635 0.038249422 -2.332439423 0.998790801 0.013838656 -0.047176771 54.659549713
-0.046958581 0.038710427 -0.998146474 60.011096954 -0.012802518 0.999143362 0.039351393 -2.311118126 0.998814821 0.014626673 -0.046422765 54.617759705
-0.045977581 0.039667550 -0.998154581 59.180549622 -0.012220308 0.999114275 0.040268581 -2.291275740 0.998867750 0.014049209 -0.045452096 54.579845428
-0.045124341 0.040132325 -0.998174846 58.349983215 -0.011276091 0.999108613 0.040679626 -2.266560078 0.998917758 0.013091153 -0.044631585 54.541149139
-0.044811506 0.041001964 -0.998153567 57.515022278 -0.009574504 0.999093831 0.041470427 -2.244715214 0.998949587 0.011415178 -0.044378318 54.501247406
-0.044876423 0.040535305 -0.998169839 56.667030334 -0.008148410 0.999128342 0.040940564 -2.216223478 0.998959303 0.009970764 -0.044506993 54.461967468
-0.044713151 0.040310033 -0.998186409 55.818481445 -0.006632490 0.999151528 0.040646113 -2.191232443 0.998977840 0.008437875 -0.044407856 54.426265717
-0.045066584 0.040016480 -0.998182237 54.964336395 -0.005485019 0.999172390 0.040303823 -2.163184881 0.998968899 0.007291406 -0.044809803 54.387924194
-0.045141678 0.040417060 -0.998162627 54.112361908 -0.004683141 0.999161661 0.040669315 -2.143732548 0.998969555 0.006510417 -0.044914555 54.348178864
-0.045473177 0.041329011 -0.998110235 53.255275726 -0.003828734 0.999129236 0.041545637 -2.117264271 0.998958230 0.005710710 -0.045275338 54.307479858
-0.045271870 0.042111360 -0.998086691 52.401473999 -0.002706552 0.999102235 0.042276982 -2.093703508 0.998971045 0.004615331 -0.045117240 54.263492584
-0.045849163 0.043320488 -0.998008668 51.545391083 -0.002707290 0.999050140 0.043490082 -2.068850756 0.998944759 0.004695883 -0.045688331 54.224739075
-0.045885820 0.043712843 -0.997989833 50.691806793 -0.002783941 0.999032617 0.043886520 -2.043463945 0.998942912 0.004792114 -0.045719735 54.180915833
-0.046328034 0.043903984 -0.997960985 49.837345123 -0.003441157 0.999020696 0.044110358 -2.018133163 0.998920321 0.005477688 -0.046131600 54.127243042
-0.047095384 0.043202005 -0.997955739 48.988372803 -0.003292189 0.999052107 0.043404847 -1.989072800 0.998884976 0.005329626 -0.046908520 54.086662292
-0.047878157 0.043171927 -0.997919798 48.131340027 -0.003859848 0.999050081 0.043406013 -1.961296916 0.998845637 0.005930020 -0.047666058 54.044605255
-0.048717488 0.043175850 -0.997878909 47.288116455 -0.004709742 0.999044180 0.043456204 -1.934226751 0.998801470 0.006816828 -0.048467573 53.996345520
-0.049253646 0.043733984 -0.997828364 46.443260193 -0.004886491 0.999018371 0.044027343 -1.912176728 0.998774350 0.007044386 -0.048991583 53.948699951
-0.049979579 0.043757912 -0.997791231 45.597980499 -0.004837169 0.999017358 0.044053979 -1.885920882 0.998738527 0.007028284 -0.049718805 53.900966644
-0.050241821 0.043516621 -0.997788608 44.756374359 -0.005496840 0.999023139 0.043847248 -1.858656168 0.998721957 0.007687648 -0.049953535 53.854087830
-0.050316613 0.043075670 -0.997803867 43.919567108 -0.005730250 0.999040544 0.043418013 -1.834048748 0.998716891 0.007902314 -0.050021499 53.807868958
-0.050013196 0.042864066 -0.997828305 43.091770172 -0.005471845 0.999051869 0.043190893 -1.812450290 0.998733580 0.007620077 -0.049731240 53.762580872
-0.049142785 0.042824306 -0.997873247 42.259944916 -0.005002207 0.999057412 0.043121461 -1.788178563 0.998779297 0.007110678 -0.048882242 53.712036133
-0.048747789 0.043485101 -0.997864008 41.434020996 -0.004713614 0.999030650 0.043766208 -1.769955754 0.998799920 0.006837052 -0.048495568 53.674896240
-0.048272412 0.043778494 -0.997874320 40.613258362 -0.003483713 0.999025643 0.043997519 -1.748938799 0.998828113 0.005600173 -0.048072863 53.634914398
-0.047778014 0.042643432 -0.997947276 39.786102295 -0.003021148 0.999077559 0.042836376 -1.719052792 0.998853385 0.005061583 -0.047605116 53.592426300
-0.047167309 0.040862374 -0.998050869 38.974773407 -0.002485556 0.999155045 0.041025043 -1.696539044 0.998883963 0.004415752 -0.047025885 53.550323486
-0.046678964 0.039719947 -0.998119950 38.148101807 -0.003109198 0.999198616 0.039908264 -1.672213674 0.998905241 0.004966230 -0.046518050 53.503242493
-0.046462942 0.039729137 -0.998129606 37.343677521 -0.003774447 0.999194682 0.039947230 -1.648895621 0.998912871 0.005623452 -0.046275567 53.463607788
-0.045863945 0.040941939 -0.998108327 36.541881561 -0.003676892 0.999146044 0.041153461 -1.628932595 0.998940945 0.005557397 -0.045674242 53.426471710
-0.045213688 0.041999634 -0.998094082 35.735557556 -0.003597549 0.999102473 0.042205039 -1.603463769 0.998970926 0.005498938 -0.045022015 53.378692627
-0.045128390 0.043466449 -0.998035133 34.934669495 -0.003581267 0.999039412 0.043672122 -1.588798881 0.998974741 0.005545083 -0.044929378 53.341876984
-0.046421599 0.043529466 -0.997973084 34.141468048 -0.002632368 0.999041259 0.043698501 -1.561115384 0.998918474 0.004655587 -0.046262506 53.309574127
-0.047250330 0.043294452 -0.997944355 33.349361420 -0.001834003 0.999054790 0.043429457 -1.538826227 0.998881340 0.003882290 -0.047126267 53.264823914
-0.048182171 0.042862702 -0.997918427 32.556087494 -0.001501193 0.999074578 0.042984832 -1.514083266 0.998837411 0.003569171 -0.048073228 53.223670959
-0.049591906 0.042242985 -0.997875750 31.765762329 -0.000633764 0.999103606 0.042326462 -1.493017197 0.998769283 0.002731468 -0.049520683 53.178230286
-0.051149219 0.041750647 -0.997817993 30.982959747 -0.000660112 0.999124050 0.041839145 -1.471178651 0.998690784 0.002798711 -0.051076867 53.135673523
-0.053018168 0.041576505 -0.997727573 30.193151474 -0.001068975 0.999129951 0.041691747 -1.451542377 0.998592973 0.003276967 -0.052927598 53.087276459
-0.054110821 0.040856391 -0.997698724 29.414882660 -0.003311593 0.999149740 0.041095424 -1.422045231 0.998529434 0.005527679 -0.053929511 53.040187836
-0.054089673 0.042089865 -0.997648597 28.662115097 -0.005488142 0.999083519 0.042447962 -1.411894083 0.998520970 0.007771233 -0.053809110 52.991107941
-0.053728789 0.043207999 -0.997620225 27.888242722 -0.007959182 0.999013066 0.043696977 -1.390817046 0.998523831 0.010288028 -0.053331856 52.942466736
-0.052475583 0.044816732 -0.997616053 27.135261536 -0.008748354 0.998933494 0.045336086 -1.361102939 0.998583853 0.011106538 -0.052027550 52.897197723
-0.051411804 0.045990672 -0.997618079 26.365142822 -0.009857750 0.998867154 0.046556260 -1.336800575 0.998628855 0.012227812 -0.050900199 52.858448029
-0.049199857 0.047017515 -0.997681677 25.609779358 -0.008452054 0.998835981 0.047488719 -1.317842722 0.998753130 0.010768900 -0.048745189 52.820468903
-0.046927445 0.046839073 -0.997799635 24.855939865 -0.007697405 0.998853445 0.047250569 -1.291589975 0.998868644 0.009897816 -0.046513099 52.783977509
-0.044971395 0.046445388 -0.997907937 24.091617584 -0.007074648 0.998878777 0.046809398 -1.267688274 0.998963237 0.009164932 -0.044592392 52.747531891
-0.042969335 0.045881081 -0.998022318 23.339574814 -0.006053565 0.998914599 0.046182744 -1.241300344 0.999058008 0.008026035 -0.042644966 52.710849762
-0.042288397 0.045796737 -0.998055279 22.586498260 -0.006004206 0.998919189 0.046090793 -1.217276573 0.999087393 0.007941635 -0.041967720 52.680789948
-0.040365603 0.045599990 -0.998143971 21.838592529 -0.006548381 0.998924553 0.045900479 -1.190456867 0.999163449 0.008389028 -0.040023584 52.644668579
-0.038999122 0.046292864 -0.998166442 21.096441269 -0.005729648 0.998899460 0.046550728 -1.173817158 0.999222815 0.007534579 -0.038690966 52.617618561
-0.038598843 0.045654625 -0.998211324 20.349782944 -0.005440106 0.998931408 0.045897912 -1.145699501 0.999239981 0.007201980 -0.038309231 52.595062256
-0.035984449 0.045278657 -0.998326004 19.609523773 -0.005504140 0.998948932 0.045505296 -1.129888654 0.999337196 0.007132410 -0.035697412 52.555858612
-0.034718562 0.044187251 -0.998419821 18.884561539 -0.005943965 0.998995304 0.044419415 -1.113063097 0.999379456 0.007476751 -0.034421038 52.521617889
-0.034893870 0.043197390 -0.998457074 18.162433624 -0.004222114 0.999050140 0.043370605 -1.086392403 0.999382138 0.005728967 -0.034678340 52.507152557
-0.034417275 0.043210052 -0.998473108 17.434152603 -0.003450766 0.999053955 0.043354142 -1.062340260 0.999401569 0.004937629 -0.034235608 52.476730347
-0.034406945 0.043733470 -0.998450577 16.719612122 -0.002805260 0.999033988 0.043855693 -1.038669109 0.999403954 0.004309853 -0.034251031 52.456592560
-0.033731431 0.044651989 -0.998432934 16.000717163 -0.002314890 0.998995364 0.044755347 -1.018077254 0.999428272 0.003820925 -0.033594176 52.427852631
-0.033120729 0.045314301 -0.998423576 15.270970345 -0.001535388 0.998968124 0.045389950 -0.994695008 0.999450147 0.003036316 -0.033016983 52.405296326
-0.033035159 0.046818238 -0.998356938 14.536481857 0.001141364 0.998903453 0.046806075 -0.971652627 0.999453545 0.000406757 -0.033052366 52.383403778
-0.031191295 0.047728430 -0.998373210 13.829208374 0.000929190 0.998860240 0.047722679 -0.943856120 0.999512970 0.000560854 -0.031200100 52.357566833
-0.028735101 0.048997365 -0.998385429 13.138070107 -0.000087568 0.998797774 0.049020123 -0.931314349 0.999587059 0.001496025 -0.028696267 52.329280853
-0.026636336 0.048499014 -0.998467982 12.449754715 0.000046634 0.998822451 0.048514992 -0.907765865 0.999645174 0.001245699 -0.026607240 52.316791534
-0.023766419 0.047095068 -0.998607635 11.780638695 0.000121039 0.998889863 0.047105502 -0.882633328 0.999717474 0.000998659 -0.023745744 52.305217743
-0.020998033 0.045317929 -0.998751879 11.126934052 -0.000009258 0.998972118 0.045328114 -0.862809122 0.999779463 0.000961048 -0.020976031 52.291412354
-0.017360181 0.044476740 -0.998859644 10.493221283 -0.000324054 0.999009788 0.044489060 -0.847587347 0.999849260 0.001096023 -0.017328579 52.275554657
-0.014105929 0.044117384 -0.998926759 9.869469643 0.001483513 0.999026000 0.044100817 -0.827367246 0.999899268 -0.000859837 -0.014157640 52.264228821
-0.011593242 0.045179106 -0.998911560 9.268743515 0.000518781 0.998978913 0.045176119 -0.816282988 0.999932587 0.000005522 -0.011604840 52.256351471
-0.009550985 0.045642611 -0.998912156 8.700703621 0.000780935 0.998957634 0.045637224 -0.792724013 0.999954104 -0.000344205 -0.009576676 52.253383636
-0.007493793 0.045303833 -0.998945117 8.130936623 0.002042530 0.998971879 0.045289710 -0.767745018 0.999969840 -0.001700983 -0.007578621 52.240390778
-0.006932163 0.046261910 -0.998905241 7.593498707 0.002249140 0.998927474 0.046247326 -0.767579496 0.999973536 -0.001926084 -0.007028776 52.243259430
-0.005938324 0.047071069 -0.998873949 7.067085743 0.005392627 0.998878479 0.047039222 -0.748995483 0.999967813 -0.005107220 -0.006185501 52.245769501
-0.004841545 0.046804920 -0.998892307 6.547754765 0.003627067 0.998898387 0.046787612 -0.745511770 0.999981701 -0.003396526 -0.005005976 52.240238190
-0.004352743 0.045951426 -0.998934150 6.045896530 0.005432392 0.998930037 0.045927554 -0.729716599 0.999975741 -0.005226692 -0.004597711 52.242313385
-0.004645122 0.045208726 -0.998966753 5.564559460 0.007067983 0.998954058 0.045175284 -0.718715549 0.999964237 -0.006850835 -0.004959797 52.241477966
-0.006459144 0.045033909 -0.998964608 5.090443134 0.010205732 0.998936355 0.044966638 -0.710116863 0.999927044 -0.009904718 -0.006911878 52.246654510
-0.010159686 0.044019409 -0.998978972 4.634835243 0.012007494 0.998963952 0.043896619 -0.696859241 0.999876261 -0.011549257 -0.010677723 52.240634918
-0.017113257 0.043880969 -0.998890221 4.203436852 0.015532147 0.998927534 0.043616507 -0.680539250 0.999732852 -0.014768490 -0.017776469 52.226509094
-0.028783996 0.043652091 -0.998632133 3.792525768 0.017930446 0.998907864 0.043147322 -0.665637195 0.999424815 -0.016663967 -0.029535256 52.211730957
-0.044019364 0.043572325 -0.998080015 3.391665697 0.018721724 0.998909116 0.042782806 -0.657134533 0.998855233 -0.016802507 -0.044787079 52.188865662
-0.061961997 0.043859124 -0.997114360 3.020627737 0.019099751 0.998903275 0.042750921 -0.646301329 0.997895658 -0.016395705 -0.062731735 52.153068542
-0.082853079 0.045018442 -0.995544434 2.666341305 0.018430412 0.998877525 0.043635312 -0.637977660 0.996391356 -0.014732974 -0.083589792 52.098285675
-0.108057216 0.045466110 -0.993104458 2.342214584 0.020146705 0.998848677 0.043536969 -0.633233547 0.993940532 -0.015303301 -0.108848795 52.040668488
-0.140032202 0.044792373 -0.989133239 2.007829189 0.022965880 0.998854458 0.041981287 -0.628531456 0.989880562 -0.016837588 -0.140900493 51.972064972
-0.176636398 0.042623937 -0.983352780 1.718947411 0.021726480 0.998987377 0.039398961 -0.621676087 0.984036386 -0.014405507 -0.177383587 51.878158569
-0.216153413 0.042252190 -0.975444674 1.448431015 0.020087300 0.999044180 0.038823176 -0.618681729 0.976152718 -0.011202290 -0.216795534 51.780067444
-0.259137094 0.042256862 -0.964915693 1.171798706 0.016638042 0.999089658 0.039285142 -0.613061130 0.965697229 -0.005874076 -0.259604275 51.660739899
-0.304224163 0.041598886 -0.951691747 0.889585495 0.012245775 0.999134362 0.039758053 -0.608286262 0.952521741 0.000441156 -0.304470181 51.513980865
-0.352719724 0.040215064 -0.934864402 0.655542374 0.012728275 0.999189854 0.038179819 -0.592049420 0.935642421 0.001567561 -0.352945834 51.396438599
-0.402055234 0.040191624 -0.914732873 0.434034348 0.013044933 0.999186277 0.038168654 -0.589707017 0.915522516 0.003413278 -0.402252346 51.256225586
-0.451750249 0.038153928 -0.891328156 0.192296982 0.010640644 0.999244452 0.037380375 -0.575885773 0.892081022 0.007402288 -0.451814830 51.071662903
-0.502645195 0.036214747 -0.863733888 -0.020023346 0.008518158 0.999281108 0.036940899 -0.570070386 0.864450812 0.011210745 -0.502592385 50.900451660
-0.551955700 0.033715732 -0.833191454 -0.215570450 0.004964362 0.999297500 0.037148643 -0.563697934 0.833858609 0.016368141 -0.551735342 50.708930969
-0.600375652 0.031359788 -0.799102962 -0.401821136 0.002763718 0.999306202 0.037140101 -0.562243640 0.799713254 0.020089520 -0.600045800 50.506259918
-0.647874057 0.028921286 -0.761198163 -0.583299637 0.000903465 0.999307394 0.037199151 -0.557382464 0.761747003 0.023412645 -0.647451401 50.291229248
-0.693846524 0.029164227 -0.719532073 -0.773288727 0.004368868 0.999331653 0.036292210 -0.543383300 0.720109582 0.022037685 -0.693510175 50.059436798
-0.737172842 0.034672350 -0.674813926 -0.933933258 0.012332248 0.999206603 0.037867986 -0.535621941 0.675591707 0.019593284 -0.737015724 49.815986633
-0.775941849 0.040452439 -0.629506111 -1.062168121 0.019236682 0.998994946 0.040484495 -0.526350975 0.630511045 0.019304009 -0.775940299 49.555450439
-0.814723074 0.042279549 -0.578306854 -1.203205109 0.020859515 0.998829663 0.043636594 -0.516029596 0.579474926 0.023488536 -0.814651430 49.274471283
-0.851546228 0.042011697 -0.522593677 -1.333309174 0.020812329 0.998707354 0.046373934 -0.505205870 0.523866355 0.028613159 -0.851319790 48.976604462
-0.883988678 0.040695999 -0.465733647 -1.402696609 0.020686530 0.998633265 0.047996782 -0.492446184 0.467050374 0.032794204 -0.883622348 48.713001251
-0.912524521 0.040978529 -0.406964064 -1.487916946 0.022907134 0.998527110 0.049180899 -0.492406845 0.408379853 0.035556406 -0.912119269 48.398216248
-0.936193287 0.040201012 -0.349179000 -1.575391769 0.025244692 0.998562574 0.047280394 -0.472479343 0.350577772 0.035448678 -0.935862422 48.054031372
-0.955270946 0.038718931 -0.293186486 -1.630415916 0.026544288 0.998616457 0.045392182 -0.461130500 0.294538349 0.035579402 -0.954977095 47.709213257
-0.970121503 0.037959021 -0.239631534 -1.685501099 0.028406316 0.998662770 0.043194152 -0.455465078 0.240950659 0.035096526 -0.969902575 47.403209686
-0.981156051 0.035854232 -0.189861313 -1.720862389 0.028373219 0.998715699 0.041976020 -0.450254798 0.191122472 0.035798043 -0.980913222 47.040367126
-0.988712192 0.033320703 -0.146075279 -1.740557194 0.028051563 0.998884499 0.037984598 -0.441070437 0.147178039 0.033458192 -0.988543928 46.663997650
-0.993377984 0.034975279 -0.109439462 -1.754240513 0.031438954 0.998931527 0.033873893 -0.421417356 0.110507295 0.030208921 -0.993416071 46.255050659
-0.996266901 0.034914896 -0.078950465 -1.774061441 0.032551933 0.998988509 0.031021567 -0.414294302 0.079953730 0.028335767 -0.996395767 45.848403931
-0.997956395 0.033610258 -0.054344743 -1.776587009 0.032050136 0.999055862 0.029329196 -0.401378036 0.055279188 0.027527500 -0.998091400 45.406509399
-0.998898029 0.031086503 -0.035162359 -1.773185611 0.030047147 0.999106884 0.029710827 -0.388702154 0.036054555 0.028621560 -0.998939812 44.948345184
-0.999342144 0.030118659 -0.020198889 -1.767403722 0.029495450 0.999100327 0.030472800 -0.380979002 0.021098517 0.029856984 -0.999331474 44.471622467
-0.999463201 0.031617031 -0.008573122 -1.765435338 0.031341206 0.999040365 0.030595686 -0.368269801 0.009532239 0.030310569 -0.999495089 43.986400604
-0.999446809 0.033246245 0.000845367 -1.763996720 0.033256523 0.998974442 0.030726928 -0.358253837 0.000177056 0.030738048 -0.999527395 43.482467651
-0.999451399 0.032358639 0.007056017 -1.748903036 0.032557324 0.999015212 0.030142460 -0.337487221 -0.006073698 0.030355651 -0.999520719 42.954669952
-0.999394298 0.032801710 0.011622169 -1.743815422 0.033128779 0.999025404 0.029166037 -0.325837135 -0.010654147 0.029533401 -0.999507010 42.403644562
-0.999428809 0.031094551 0.013234949 -1.725384474 0.031466208 0.999087989 0.028867049 -0.318015158 -0.012325271 0.029267019 -0.999495625 41.880268097
-0.999441326 0.030453913 0.013771850 -1.717404962 0.030832043 0.999128580 0.028133301 -0.301149309 -0.012903078 0.028542198 -0.999509275 41.314682007
-0.999406338 0.031793576 0.013273522 -1.709536791 0.032163661 0.999071419 0.028667703 -0.293234766 -0.012349749 0.029077610 -0.999500871 40.735336304
-0.999341071 0.034145825 0.012307163 -1.701536059 0.034484472 0.999000430 0.028442759 -0.279028416 -0.011323660 0.028848425 -0.999519646 40.145145416
-0.999321043 0.034784697 0.012146778 -1.692970634 0.035123069 0.998966396 0.028853469 -0.265257120 -0.011130565 0.029260509 -0.999509871 39.537414551
-0.999337256 0.034294181 0.012201473 -1.683709383 0.034643140 0.998960078 0.029641427 -0.245718956 -0.011172256 0.030044483 -0.999486089 38.911998749
-0.999294877 0.034971911 0.013666332 -1.672807932 0.035370260 0.998921394 0.030083362 -0.225789070 -0.012599519 0.030545531 -0.999453962 38.279087067
-0.999223411 0.035890233 0.016270477 -1.656336069 0.036397833 0.998823106 0.032055859 -0.218055904 -0.015100838 0.032623164 -0.999353766 37.640102386
-0.999083996 0.037786163 0.020082854 -1.649826288 0.038466003 0.998660088 0.034618221 -0.204325438 -0.018747853 0.035359021 -0.999198794 36.987342834
-0.998970509 0.038659852 0.023733927 -1.633255959 0.039502818 0.998565793 0.036140077 -0.188459992 -0.022302711 0.037040439 -0.999064803 36.343231201
-0.998842597 0.039616939 0.027273189 -1.615434885 0.040597755 0.998512268 0.036401149 -0.172248960 -0.025790516 0.037466250 -0.998965025 35.706249237
-0.998758972 0.039135948 0.030804202 -1.592439413 0.040243167 0.998534501 0.036184065 -0.161034703 -0.029342961 0.037378825 -0.998870313 35.066181183
-0.998615503 0.039613783 0.034609620 -1.563405037 0.040826976 0.998550236 0.035079725 -0.143793821 -0.033169799 0.036444169 -0.998785019 34.410007477
-0.998393595 0.040373165 0.039751463 -1.540208459 0.041725028 0.998557746 0.033786539 -0.128618002 -0.038330056 0.035390899 -0.998638213 33.773715973
-0.998240888 0.039590362 0.044132825 -1.502993941 0.041093357 0.998587370 0.033685640 -0.121985018 -0.042736851 0.035439957 -0.998457551 33.149101257
-0.998127341 0.038263194 0.047725480 -1.464434624 0.039875504 0.998649538 0.033301063 -0.109600723 -0.046386823 0.035141781 -0.998305202 32.511211395
-0.997983336 0.038357489 0.050575584 -1.426541686 0.040066712 0.998644412 0.033225775 -0.099991620 -0.049232572 0.035185173 -0.998167396 31.871837616
-0.997819066 0.039073307 0.053200938 -1.395247936 0.040887274 0.998603821 0.033445787 -0.085723996 -0.051819827 0.035548076 -0.998023570 31.226102829
-0.997671962 0.040151294 0.055123072 -1.359603524 0.042077389 0.998527646 0.034237053 -0.074902296 -0.053667244 0.036476776 -0.997892380 30.610313416
-0.997546852 0.040358577 0.057195082 -1.322227240 0.042334221 0.998532891 0.033761688 -0.059785545 -0.055748589 0.036100172 -0.997792006 29.984674454
-0.997371256 0.041212346 0.059599265 -1.287010670 0.043252155 0.998507440 0.033349812 -0.048270285 -0.058135878 0.035839941 -0.997665107 29.371774673
-0.997326136 0.040167589 0.061049312 -1.245748997 0.042255368 0.998551786 0.033300389 -0.042554200 -0.059623297 0.035790995 -0.997579098 28.761383057
-0.997251511 0.040446617 0.062075049 -1.203871608 0.042569466 0.998539627 0.033264957 -0.030884802 -0.060638927 0.035816032 -0.997516990 28.177572250
-0.997164428 0.040933695 0.063147128 -1.169434667 0.043136198 0.998493254 0.033918519 -0.025389135 -0.061663572 0.036546260 -0.997427702 27.595247269
-0.997182190 0.040621381 0.063067891 -1.129626274 0.042825278 0.998503923 0.033994965 -0.015595913 -0.061592624 0.036600076 -0.997430146 27.024507523
-0.997216761 0.039829288 0.063026227 -1.088180184 0.041985586 0.998564243 0.033266053 -0.001691103 -0.061610777 0.035819657 -0.997457385 26.453649521
-0.997217834 0.038691986 0.063715376 -1.055491567 0.040928029 0.998577535 0.034170933 -0.000953376 -0.062302619 0.036683612 -0.997382998 25.899166107
-0.997257054 0.037995111 0.063518763 -1.014839292 0.040237073 0.998597920 0.034397207 0.008633196 -0.062122766 0.036858674 -0.997387767 25.342308044
-0.997282147 0.037838850 0.063216768 -0.974983394 0.040022999 0.998632014 0.033648316 0.022032857 -0.061857067 0.036086995 -0.997432470 24.794118881
-0.997254074 0.038952738 0.062983900 -0.945010304 0.041005317 0.998658061 0.031631175 0.027485907 -0.061667260 0.034126990 -0.997513175 24.254453659
-0.997319341 0.039067488 0.061869882 -0.911799192 0.041002370 0.998698950 0.030318392 0.036830962 -0.060604915 0.032773927 -0.997623622 23.726282120
-0.997467339 0.038121205 0.060046732 -0.878211975 0.040077120 0.998693228 0.031712357 0.045496941 -0.058759350 0.034038547 -0.997691691 23.206953049
-0.997740030 0.034289490 0.057783894 -0.841858983 0.036351126 0.998725474 0.035012852 0.057258964 -0.056509670 0.037034228 -0.997714937 22.703609467
-0.997899055 0.031597607 0.056560468 -0.809691548 0.033794526 0.998694062 0.038316268 0.071656644 -0.055275898 0.040147200 -0.997663677 22.203248978
-0.997938752 0.031355929 0.055990882 -0.781779826 0.033705726 0.998568714 0.041528367 0.081608832 -0.054608576 0.043329984 -0.997567296 21.718887329
-0.997853279 0.033608336 0.056207109 -0.758869171 0.036165528 0.998326898 0.045115020 0.087908804 -0.054596823 0.047050934 -0.997399330 21.248987198
-0.997805178 0.033457808 0.057143826 -0.733467817 0.036164965 0.998239219 0.047016460 0.094545305 -0.055470139 0.048979871 -0.997258246 20.794408798
-0.997921228 0.029692391 0.057197627 -0.702075720 0.032341052 0.998419940 0.045951992 0.105591655 -0.055742826 0.047706295 -0.997304857 20.358240128
-0.998090923 0.026066259 0.055992115 -0.668204069 0.028545875 0.998625755 0.043951489 0.120914340 -0.054769516 0.045465928 -0.997463286 19.938589096
-0.998134375 0.024351265 0.055988710 -0.638975263 0.026828894 0.998674095 0.043934945 0.132974803 -0.054844603 0.045355104 -0.997464299 19.524934769
-0.998104811 0.025586188 0.055964254 -0.619567394 0.028140644 0.998575032 0.045342997 0.145772636 -0.054724354 0.046831939 -0.997402549 19.125528336
-0.998109758 0.026199151 0.055592891 -0.597162962 0.028818704 0.998485923 0.046853926 0.157223761 -0.054281183 0.048367478 -0.997353494 18.733934402
-0.998077333 0.027269209 0.055659913 -0.578447282 0.029905111 0.998442948 0.047087014 0.167653084 -0.054289225 0.048660994 -0.997338831 18.351457596
-0.998073220 0.026674768 0.056020387 -0.552781999 0.029322172 0.998465359 0.046980083 0.177349269 -0.054681234 0.048532203 -0.997323692 17.963518143
-0.998024762 0.025951803 0.057211556 -0.527757525 0.028697809 0.998448908 0.047710206 0.187412918 -0.055884652 0.049257811 -0.997221410 17.580160141
-0.997952223 0.026530456 0.058201950 -0.501832485 0.029343979 0.998414695 0.048030924 0.199461222 -0.056835409 0.049640443 -0.997148693 17.201776505
-0.997930050 0.026501451 0.058595810 -0.477187097 0.029322971 0.998425066 0.047828589 0.213121653 -0.057236008 0.049447782 -0.997135401 16.822477341
-0.997899294 0.026788987 0.058987107 -0.459433556 0.029603893 0.998438358 0.047375578 0.225233257 -0.057625853 0.049022295 -0.997133911 16.454229355
-0.997900128 0.026513051 0.059098545 -0.432558715 0.029285377 0.998486638 0.046548463 0.241124034 -0.057774968 0.048181433 -0.997166276 16.074001312
-0.997847021 0.027587423 0.059499953 -0.413134992 0.030264033 0.998547971 0.044563152 0.250749290 -0.058184184 0.046267916 -0.997233152 15.706440926
-0.997816861 0.028534601 0.059559200 -0.390490890 0.031135568 0.998580694 0.043209001 0.261801660 -0.058241721 0.044969074 -0.997289181 15.332806587
-0.997835398 0.028222464 0.059398208 -0.369615376 0.030846357 0.998566985 0.043731380 0.272123396 -0.058078878 0.045468926 -0.997276068 14.963236809
-0.997907877 0.027903087 0.058321223 -0.342434525 0.030474363 0.998580873 0.043673910 0.285784066 -0.057019819 0.045359835 -0.997342110 14.586783409
-0.997979522 0.028429523 0.056820657 -0.322682023 0.030876817 0.998612106 0.042667039 0.299673140 -0.055528793 0.044335265 -0.997472227 14.205520630
-0.998029232 0.030337481 0.054929238 -0.307290167 0.032535471 0.998686790 0.039572753 0.308396459 -0.053656574 0.041281909 -0.997705817 13.811553001
-0.998128653 0.030107165 0.053223945 -0.287047476 0.031921748 0.998926282 0.033578534 0.317891508 -0.052155845 0.035214700 -0.998017907 13.421315193
-0.998199165 0.029413773 0.052281827 -0.262186140 0.031131990 0.998991311 0.032359738 0.324186832 -0.051277276 0.033929098 -0.998107970 13.019767761
-0.998223186 0.029578032 0.051728539 -0.241170615 0.031310674 0.998964369 0.033011429 0.339758068 -0.050698563 0.034572426 -0.998115420 12.612229347
-0.998262763 0.029549731 0.050974850 -0.216064245 0.031277493 0.998951256 0.033436205 0.359089553 -0.049933363 0.034972478 -0.998140097 12.193873405
-0.998268783 0.029714579 0.050758339 -0.191034973 0.031396668 0.998973012 0.032669704 0.368084311 -0.049735442 0.034206793 -0.998176455 11.777157784
-0.998252928 0.030344786 0.050698292 -0.171429902 0.031975161 0.998986959 0.031662822 0.383645713 -0.049686134 0.033228587 -0.998211980 11.354191780
-0.998260140 0.030908760 0.050212137 -0.151394248 0.032664474 0.998869658 0.034529876 0.387650132 -0.049088091 0.036109954 -0.998141408 10.933650017
-0.998373866 0.028013224 0.049648106 -0.123965085 0.029894596 0.998846948 0.037565596 0.391812205 -0.048538525 0.038988721 -0.998060107 10.502589226
-0.998416483 0.027385067 0.049138255 -0.100134879 0.029149599 0.998942316 0.035559639 0.404489905 -0.048112478 0.036935695 -0.998158753 10.069325447
-0.998396039 0.027913844 0.049256343 -0.080313861 0.029560503 0.999017298 0.033024728 0.416953057 -0.048286095 0.034427799 -0.998239994 9.629380226
-0.998390317 0.029051643 0.048711978 -0.058281571 0.030583527 0.999051332 0.031003108 0.428635746 -0.047765069 0.032442991 -0.998331547 9.189387321
-0.998422503 0.028328076 0.048477639 -0.036899567 0.029803198 0.999105990 0.029981554 0.436836332 -0.047584984 0.031379044 -0.998374164 8.732803345
-0.998480678 0.027507491 0.047746010 -0.014286816 0.028945718 0.999139667 0.029697042 0.447570175 -0.046888046 0.031033967 -0.998417914 8.274587631
-0.998544097 0.026601397 0.046926174 0.007853925 0.028003823 0.999172807 0.029485883 0.455022335 -0.046102986 0.030757068 -0.998463035 7.811324120
-0.998607635 0.026375528 0.045683939 0.031040788 0.027758198 0.999167323 0.029900743 0.466798067 -0.044857256 0.031127214 -0.998508394 7.344429970
-0.998636842 0.026785243 0.044798754 0.051245898 0.028186847 0.999123335 0.030953215 0.476516783 -0.043930389 0.032173760 -0.998516381 6.869750500
-0.998701930 0.026365846 0.043580923 0.074151218 0.027734056 0.999131620 0.031094018 0.484155655 -0.042723257 0.032262333 -0.998565853 6.386839390
-0.998740971 0.027540844 0.041926648 0.096991017 0.028865296 0.999092519 0.031319130 0.493371814 -0.041026045 0.032489926 -0.998629749 5.916413307
-0.998725712 0.030069631 0.040531766 0.111812890 0.031348266 0.999018669 0.031289019 0.497802913 -0.039551146 0.032519747 -0.998688221 5.434349537
-0.998797596 0.029374007 0.039250903 0.135329425 0.030602871 0.999048173 0.031082625 0.511943698 -0.038300514 0.032246433 -0.998745859 4.955479145
-0.998860180 0.028551741 0.038252596 0.153167367 0.029769637 0.999055386 0.031656239 0.523098648 -0.037312619 0.032758918 -0.998766601 4.480704308
-0.998919249 0.027692055 0.037327148 0.173430681 0.028922629 0.999041975 0.032840539 0.528691888 -0.036381964 0.033884648 -0.998763263 4.008320332
-0.998949349 0.028171461 0.036148615 0.191362083 0.029371794 0.999019802 0.033115570 0.541874230 -0.035180271 0.034142520 -0.998797596 3.539071560
-0.998950362 0.029298687 0.035210382 0.205588013 0.030473514 0.998980522 0.033305775 0.549547017 -0.034198679 0.034343801 -0.998824775 3.067862749
-0.998932540 0.031206468 0.034056261 0.219926566 0.032374147 0.998887360 0.034291618 0.555879474 -0.032948248 0.035357568 -0.998831391 2.599188805
-0.998944521 0.032839514 0.032116439 0.235717297 0.033930544 0.998844445 0.034037352 0.563214719 -0.030961556 0.035091154 -0.998904407 2.140654564
-0.999010861 0.032507673 0.030341445 0.251074851 0.033504248 0.998895764 0.032936111 0.573037863 -0.029237265 0.033920102 -0.998996735 1.682688236
-0.999048591 0.032426167 0.029160233 0.258188814 0.033319291 0.998973668 0.030682504 0.581525505 -0.028135384 0.031624909 -0.999103844 1.233014345
-0.999164402 0.030494945 0.027211452 0.273008466 0.031264760 0.999109566 0.028327882 0.587525070 -0.026323363 0.029154969 -0.999228239 0.789411604
-0.999210715 0.030663781 0.025247350 0.287382245 0.031364355 0.999120295 0.027836615 0.595782816 -0.024371564 0.028606515 -0.999293566 0.341201067
-0.999207914 0.032323770 0.023211032 0.296991080 0.032977000 0.999054313 0.028334498 0.601210296 -0.022273205 0.029077483 -0.999329031 -0.099331960
-0.999164879 0.035068247 0.020969827 0.301518619 0.035670698 0.998940349 0.029080981 0.606182754 -0.019927787 0.029804701 -0.999357164 -0.538981736
-0.999187589 0.036229756 0.017652862 0.312096834 0.036731236 0.998905241 0.028963761 0.612709165 -0.016584188 0.029588638 -0.999424636 -0.969468653
-0.999317169 0.034422655 0.013423057 0.313301384 0.034779262 0.999021888 0.027306268 0.622121453 -0.012469974 0.027754465 -0.999536991 -1.403061032
-0.999531388 0.029556900 0.007959291 0.320259482 0.029760685 0.999196768 0.026834887 0.626028538 -0.007159742 0.027059190 -0.999608219 -1.830605030
